*************************************************
******************* ORCA 6.1.1 ******************
*************************************************
$Calculation_Status
   &GeometryIndex 1
   &version [&Type "String"] "6.1.1"
   &progName [&Type "String"] "LeanSCF"
   &Status [&Type "String"] "NORMAL TERMINATION"
$End
$Geometry
   &GeometryIndex 1
   &NAtoms [&Type "Integer"] 89
   &NCorelessECP [&Type "Integer"] 0
   &NGhostAtoms [&Type "Integer"] 0
   &CartesianCoordinates [&Type "Coordinates", &Dim(89,4), &Units "Bohr"] 
              C     45.182669670736  -33.113814663751   -0.236792133210
              C     45.704179281638  -35.166771561660    1.715512281628
              C     48.173233087247  -36.563813967118    1.396233602673
              N     50.018134917264  -35.488843255841   -0.030294199653
              C     49.678804354301  -33.164037915212   -1.561852980501
              C     47.553348113265  -31.521489849341   -0.568350252584
              C     52.389994438627  -36.758272455476   -0.319312694026
              C     53.934936259956  -37.175181945414    1.776036430245
              C     56.251402239156  -38.364913835077    1.489744810683
              C     57.064730918561  -39.118005604238   -0.906760518919
              C     55.529394575171  -38.684489201035   -3.003251037774
              C     53.192680180446  -37.517743940065   -2.706089713490
              N     59.426193166736  -40.383284965282   -1.191534688395
              C     59.567633498681  -42.478550941603   -3.056896583264
              C     61.468405081847  -44.502732979671   -2.288146543357
              C     63.880202075324  -43.236580565152   -1.589660300562
              C     63.858194324769  -40.781387900735   -0.694737026146
              C     61.589198266053  -39.242037779037   -0.313724773848
              O     48.496185393806  -38.628326540335    2.480645385714
              O     61.614339182538  -37.151433757089    0.733877033831
              C     66.442721735516  -43.924372847756   -1.585104170853
              N     67.896796075696  -42.004048268282   -0.756404459074
              N     66.314061621415  -40.118715747630   -0.208933790544
              C     67.303165066893  -37.795210538581    0.765380658210
              C     67.558380140182  -46.367042297083   -2.333452727418
              N     70.093442079649  -46.485828592135   -2.393232323938
              O     66.174688649861  -48.190733840973   -2.868774346633
              C     66.851216274980  -37.133160105374    3.273576361230
              C     67.853557252026  -34.912180097994    4.216646078086
              C     69.321796979305  -33.353632248502    2.658682153969
              C     69.789199951541  -34.036178651357    0.151882958561
              C     68.766627566506  -36.272412528090   -0.785534587428
              O     70.219169338790  -31.204418370510    3.767849349365
              C     71.743361967169  -29.550480925229    2.245614477261
              H     44.668494086959  -33.977585802849   -2.051751252635
              H     43.579046183771  -31.957527147206    0.373638540923
              H     45.778980311197  -34.335821186055    3.618576102595
              H     44.212276403710  -36.598756893060    1.758577250494
              H     51.480775386008  -32.147482418187   -1.526530219606
              H     49.294454845651  -33.701356974951   -3.529728738682
              H     48.098447175497  -30.677995471659    1.247083188101
              H     47.252112539436  -29.978003117135   -1.914007225008
              H     53.310593422024  -36.584497019653    3.638503264677
              H     57.428355800701  -38.721680901077    3.129866468199
              H     56.141420178162  -39.251002639816   -4.876967411881
              H     52.001786109211  -37.205107648470   -4.347331978603
              H     57.680184484759  -43.298954755654   -3.198877376883
              H     60.086648671086  -41.707896057753   -4.912996930350
              H     60.756067146490  -45.606272570640   -0.680758721933
              H     61.716405180757  -45.805859775725   -3.870888556542
              H     71.160937034340  -44.977713753704   -1.924472528338
              H     70.938195014935  -48.134627872057   -2.846503924144
              H     65.716458408279  -38.352698645347    4.470536453356
              H     67.526245347275  -34.358836160640    6.164906478998
              H     70.921846994151  -32.861870706399   -1.084506269348
              H     69.105394991080  -36.815387538147   -2.735121576085
              H     70.673055099991  -28.847584061637    0.617721237558
              H     72.248638830581  -27.974479565164    3.474272835557
              H     73.462750077097  -30.510690458119    1.603780334234
              O     70.123218494341  -37.538640531654   21.531171073213
              H     71.156972388911  -37.613265816682   23.013638548555
              H     70.696147553347  -36.064555881442   20.653249664824
              O     46.877517797089  -49.189465441103   16.700779741355
              H     45.674824275874  -50.028946040476   17.759421329108
              H     48.283251053037  -50.325177619502   16.623353882196
              O     61.424236512919  -16.702514509946   11.870386519770
              H     62.057591454783  -17.814969828815   13.148362950709
              H     59.930923899295  -15.983708042032   12.595136176375
              O     73.613750533554  -55.822810462258    7.039993298186
              H     73.032597386413  -54.828805067189    5.644952112704
              H     73.578713121305  -54.689490677144    8.449349159132
              O     35.932069071920  -33.352891475857    2.209600076601
              H     34.825702450654  -34.774447408724    2.045114534453
              H     37.144853730690  -33.864069953985    3.450475514352
              O     79.871820510953  -24.640583145739   -2.620791255258
              H     78.849044035495  -23.222009200711   -3.082857640891
              H     80.008173700146  -24.533299613664   -0.820286651031
              O     53.614465163810  -59.788238237828   -7.451184476842
              H     52.287015702686  -60.854586128755   -6.840689552020
              H     53.681756421712  -58.424507924658   -6.264748269557
              O     49.955190029469  -18.976578814153  -12.281577698427
              H     48.916651348328  -17.752474695840  -11.447957139795
              H     48.990055870274  -19.481099787111  -13.725840580519
              O     75.796988930587  -43.455354159675  -17.111970920012
              H     77.457695374879  -43.082889138681  -17.724542653855
              H     75.760643827853  -45.258202024308  -16.969345729781
              O     49.864483175041  -41.555512321767  -21.942362251870
              H     51.225327876404  -41.120520042454  -23.051778891116
              H     49.176821283541  -43.074721742330  -22.643114276300
$End
$SCF_Mulliken_Population_Analysis
   &GeometryIndex 1
   &NAtoms [&Type "Integer"] 89
   &ATNO [&Type "ArrayOfIntegers", &Dim (89,1)] 
                                                         0

0                                                        6
1                                                        6
2                                                        6
3                                                        7
4                                                        6
5                                                        6
6                                                        6
7                                                        6
8                                                        6
9                                                        6
10                                                       6
11                                                       6
12                                                       7
13                                                       6
14                                                       6
15                                                       6
16                                                       6
17                                                       6
18                                                       8
19                                                       8
20                                                       6
21                                                       7
22                                                       7
23                                                       6
24                                                       6
25                                                       7
26                                                       8
27                                                       6
28                                                       6
29                                                       6
30                                                       6
31                                                       6
32                                                       8
33                                                       6
34                                                       1
35                                                       1
36                                                       1
37                                                       1
38                                                       1
39                                                       1
40                                                       1
41                                                       1
42                                                       1
43                                                       1
44                                                       1
45                                                       1
46                                                       1
47                                                       1
48                                                       1
49                                                       1
50                                                       1
51                                                       1
52                                                       1
53                                                       1
54                                                       1
55                                                       1
56                                                       1
57                                                       1
58                                                       1
59                                                       8
60                                                       1
61                                                       1
62                                                       8
63                                                       1
64                                                       1
65                                                       8
66                                                       1
67                                                       1
68                                                       8
69                                                       1
70                                                       1
71                                                       8
72                                                       1
73                                                       1
74                                                       8
75                                                       1
76                                                       1
77                                                       8
78                                                       1
79                                                       1
80                                                       8
81                                                       1
82                                                       1
83                                                       8
84                                                       1
85                                                       1
86                                                       8
87                                                       1
88                                                       1
   &AtomicCharges [&Type "ArrayOfDoubles", &Dim (89,1)] 
                                                         0

0                                     -2.5697922377268689e-01
1                                     -3.5060436502458892e-01
2                                      2.2789547543318545e-01
3                                      2.5011152739716103e-01
4                                     -2.5965799292962721e-01
5                                     -2.9995621105290127e-01
6                                      1.1341468109966613e-03
7                                     -2.3471741482268094e-01
8                                     -2.4513934660062464e-01
9                                      5.0855978294125137e-02
10                                    -2.4357260445509077e-01
11                                    -2.5630444943192821e-01
12                                     3.0416255340669984e-01
13                                    -2.9045203076672799e-01
14                                    -4.6243556432581379e-01
15                                    -3.1148956227307067e-03
16                                    -2.9298060056565767e-02
17                                    -3.9530515694420565e-02
18                                    -4.3871496572091218e-01
19                                    -4.1383741479194747e-01
20                                     3.1645895606011099e-01
21                                    -4.6232335538253011e-01
22                                     8.5671630075300875e-01
23                                    -5.2079142126395084e-02
24                                     1.8296267061248983e-02
25                                    -3.6684319192622983e-01
26                                    -4.1492286247512489e-01
27                                    -1.7349524122023752e-01
28                                    -3.1292947692565498e-01
29                                     3.5168667263594333e-01
30                                    -2.4112113662621137e-01
31                                    -2.5822436956461559e-01
32                                    -1.8615598675893352e-01
33                                    -3.3477597019748284e-01
34                                     1.5487803091221974e-01
35                                     1.5823812166863171e-01
36                                     1.7320197328089848e-01
37                                     1.7886619840667906e-01
38                                     1.6425974397666354e-01
39                                     1.4975793609819099e-01
40                                     1.6146601369583813e-01
41                                     1.5789416901964315e-01
42                                     1.5828257166210014e-01
43                                     1.5959360172608039e-01
44                                     1.4409884299550679e-01
45                                     1.4397554569726478e-01
46                                     1.6855370032682293e-01
47                                     1.7257895402567547e-01
48                                     1.8491345792180858e-01
49                                     1.9582241513051613e-01
50                                     2.7381512886391091e-01
51                                     2.4940985257234827e-01
52                                     1.5791392127500670e-01
53                                     1.6004580259870127e-01
54                                     1.5139001941946173e-01
55                                     1.5804545457939745e-01
56                                     1.5874431704811909e-01
57                                     1.5533117677281583e-01
58                                     1.5798712372551371e-01
59                                    -6.0986455851135979e-01
60                                     3.0492479862437727e-01
61                                     3.0493975988735200e-01
62                                    -6.0928286454863212e-01
63                                     3.0412294037576959e-01
64                                     3.0515992417285598e-01
65                                    -6.1036957926125623e-01
66                                     3.0512547067550511e-01
67                                     3.0524410858571938e-01
68                                    -6.1126593211755775e-01
69                                     3.0608519778052568e-01
70                                     3.0518078145016259e-01
71                                    -6.1262477120453696e-01
72                                     3.0676899299459737e-01
73                                     3.0651043810367629e-01
74                                    -6.1080526039887673e-01
75                                     3.0617285142501149e-01
76                                     3.0478153897921478e-01
77                                    -6.1062960004939271e-01
78                                     3.0449894054000592e-01
79                                     3.0613065950963714e-01
80                                    -6.1044597293226666e-01
81                                     3.0514129505325238e-01
82                                     3.0530467788102400e-01
83                                    -6.1043087877072288e-01
84                                     3.0497068968959462e-01
85                                     3.0546018908599970e-01
86                                    -6.1072837319689377e-01
87                                     3.0531351740479007e-01
88                                     3.0541485579209460e-01
   &Method [&Type "String"] "SCF"
   &Level [&Type "String"] "Relaxed density"
   &Mult [&Type "Integer"] 1
   &State [&Type "Integer"] -1
   &Irrep [&Type "Integer"] 0
$End
$SCF_Loewdin_Population_Analysis
   &GeometryIndex 1
   &NAtoms [&Type "Integer"] 89
   &ATNO [&Type "ArrayOfIntegers", &Dim (89,1)] 
                                                         0

0                                                        6
1                                                        6
2                                                        6
3                                                        7
4                                                        6
5                                                        6
6                                                        6
7                                                        6
8                                                        6
9                                                        6
10                                                       6
11                                                       6
12                                                       7
13                                                       6
14                                                       6
15                                                       6
16                                                       6
17                                                       6
18                                                       8
19                                                       8
20                                                       6
21                                                       7
22                                                       7
23                                                       6
24                                                       6
25                                                       7
26                                                       8
27                                                       6
28                                                       6
29                                                       6
30                                                       6
31                                                       6
32                                                       8
33                                                       6
34                                                       1
35                                                       1
36                                                       1
37                                                       1
38                                                       1
39                                                       1
40                                                       1
41                                                       1
42                                                       1
43                                                       1
44                                                       1
45                                                       1
46                                                       1
47                                                       1
48                                                       1
49                                                       1
50                                                       1
51                                                       1
52                                                       1
53                                                       1
54                                                       1
55                                                       1
56                                                       1
57                                                       1
58                                                       1
59                                                       8
60                                                       1
61                                                       1
62                                                       8
63                                                       1
64                                                       1
65                                                       8
66                                                       1
67                                                       1
68                                                       8
69                                                       1
70                                                       1
71                                                       8
72                                                       1
73                                                       1
74                                                       8
75                                                       1
76                                                       1
77                                                       8
78                                                       1
79                                                       1
80                                                       8
81                                                       1
82                                                       1
83                                                       8
84                                                       1
85                                                       1
86                                                       8
87                                                       1
88                                                       1
   &AtomicCharges [&Type "ArrayOfDoubles", &Dim (89,1)] 
                                                         0

0                                     -2.9038887793152490e-01
1                                     -2.3356785854968898e-01
2                                      3.5686598599634500e-01
3                                     -7.5830399683448757e-01
4                                     -9.8076701527514132e-03
5                                     -2.6993246370357049e-01
6                                      1.4566720451510928e-01
7                                     -8.7794811812324625e-02
8                                     -8.9528849758568896e-02
9                                      1.5133703141921906e-01
10                                    -1.2753042009336291e-01
11                                    -1.1739885516272341e-01
12                                    -7.4209545689008038e-01
13                                    -4.8494037257809097e-03
14                                    -2.2348400859292017e-01
15                                     2.6924903701444514e-02
16                                     2.5312583066606109e-01
17                                     3.9858979929741434e-01
18                                    -4.7756101916189841e-01
19                                    -4.3941084457383894e-01
20                                     2.1655765201128929e-01
21                                    -3.2405475702295572e-01
22                                    -5.7211518031778752e-01
23                                     1.6214122207368931e-01
24                                     3.4790375401045814e-01
25                                    -4.6900447594417294e-01
26                                    -4.7550863317043479e-01
27                                    -7.7506701611463669e-02
28                                    -1.2065683773165148e-01
29                                     1.9900133821916999e-01
30                                    -1.6749369643304135e-01
31                                    -8.8956996807890931e-02
32                                    -6.7382908865262792e-01
33                                    -5.7333748346845681e-02
34                                     1.6088901831873492e-01
35                                     1.6114801122157019e-01
36                                     1.8232168121046011e-01
37                                     1.8389300430237321e-01
38                                     1.8978254281783224e-01
39                                     1.7250053834254864e-01
40                                     1.6356809582496334e-01
41                                     1.6529258828378690e-01
42                                     1.8654347419675532e-01
43                                     1.8778084887657887e-01
44                                     1.7811585866698576e-01
45                                     1.7716386337364110e-01
46                                     1.9557493476575116e-01
47                                     1.7737278292478309e-01
48                                     1.8092480227242014e-01
49                                     1.8916118469672383e-01
50                                     2.7318943271641760e-01
51                                     2.6562129961557535e-01
52                                     1.8641851593296588e-01
53                                     1.8561612819549744e-01
54                                     1.7944371418011107e-01
55                                     1.8364886528775815e-01
56                                     1.6747357402943497e-01
57                                     1.7915495649170721e-01
58                                     1.6696474577142961e-01
59                                    -5.0351767681847370e-01
60                                     2.5174754794837018e-01
61                                     2.5177012887031824e-01
62                                    -5.0331291914731047e-01
63                                     2.5142079666511041e-01
64                                     2.5189212248221327e-01
65                                    -5.0371314533831146e-01
66                                     2.5182644817536715e-01
67                                     2.5188669716290080e-01
68                                    -5.0397668890443548e-01
69                                     2.5215614261866981e-01
70                                     2.5182056313570900e-01
71                                    -5.0423098944527744e-01
72                                     2.5252014204258066e-01
73                                     2.5204779321104664e-01
74                                    -5.0367403160628399e-01
75                                     2.5216364145623349e-01
76                                     2.5160889624141047e-01
77                                    -5.0377106091852397e-01
78                                     2.5156018052119622e-01
79                                     2.5221088039753847e-01
80                                    -5.0369825928882328e-01
81                                     2.5181752508107080e-01
82                                     2.5188073420913304e-01
83                                    -5.0368969979494871e-01
84                                     2.5174297465769535e-01
85                                     2.5194672514043448e-01
86                                    -5.0382256109669754e-01
87                                     2.5188620509731530e-01
88                                     2.5193635599937592e-01
   &Method [&Type "String"] "SCF"
   &Level [&Type "String"] "Relaxed density"
   &Mult [&Type "Integer"] 1
   &State [&Type "Integer"] -1
   &Irrep [&Type "Integer"] 0
$End
$SCF_Mayer_Population_Analysis
   &GeometryIndex 1
   &NAtoms [&Type "Integer"] 89 "Total number of atoms"
   &NBondOrdersPrint [&Type "Integer"] 88 "The number of bond orders larger than threshold"
   &bondThresh [&Type "Double"]       1.0000000000000001e-01  "The threshold for printing"
   &components [&Type "ArrayOfIntegers", &Dim (88,4)] "The indices and atomic numbers of the bonding atoms"
                                                         0                           1                           2                           3

0                                                        0                           6                           1                           6
1                                                        0                           6                           5                           6
2                                                        0                           6                          34                           1
3                                                        0                           6                          35                           1
4                                                        1                           6                           2                           6
5                                                        1                           6                          36                           1
6                                                        1                           6                          37                           1
7                                                        2                           6                           3                           7
8                                                        2                           6                          18                           8
9                                                        3                           7                           4                           6
10                                                       3                           7                           6                           6
11                                                       4                           6                           5                           6
12                                                       4                           6                          38                           1
13                                                       4                           6                          39                           1
14                                                       5                           6                          40                           1
15                                                       5                           6                          41                           1
16                                                       6                           6                           7                           6
17                                                       6                           6                           9                           6
18                                                       6                           6                          11                           6
19                                                       7                           6                           8                           6
20                                                       7                           6                          42                           1
21                                                       8                           6                           9                           6
22                                                       8                           6                          43                           1
23                                                       9                           6                          10                           6
24                                                       9                           6                          12                           7
25                                                      10                           6                          11                           6
26                                                      10                           6                          44                           1
27                                                      11                           6                          45                           1
28                                                      12                           7                          13                           6
29                                                      12                           7                          17                           6
30                                                      13                           6                          14                           6
31                                                      13                           6                          46                           1
32                                                      13                           6                          47                           1
33                                                      14                           6                          15                           6
34                                                      14                           6                          48                           1
35                                                      14                           6                          49                           1
36                                                      15                           6                          16                           6
37                                                      15                           6                          20                           6
38                                                      15                           6                          21                           7
39                                                      16                           6                          17                           6
40                                                      16                           6                          21                           7
41                                                      16                           6                          22                           7
42                                                      17                           6                          19                           8
43                                                      20                           6                          21                           7
44                                                      20                           6                          24                           6
45                                                      21                           7                          22                           7
46                                                      21                           7                          23                           6
47                                                      22                           7                          23                           6
48                                                      23                           6                          27                           6
49                                                      23                           6                          29                           6
50                                                      23                           6                          31                           6
51                                                      24                           6                          25                           7
52                                                      24                           6                          26                           8
53                                                      25                           7                          50                           1
54                                                      25                           7                          51                           1
55                                                      27                           6                          28                           6
56                                                      27                           6                          52                           1
57                                                      28                           6                          29                           6
58                                                      28                           6                          53                           1
59                                                      29                           6                          30                           6
60                                                      29                           6                          32                           8
61                                                      30                           6                          31                           6
62                                                      30                           6                          54                           1
63                                                      31                           6                          55                           1
64                                                      32                           8                          33                           6
65                                                      33                           6                          56                           1
66                                                      33                           6                          57                           1
67                                                      33                           6                          58                           1
68                                                      59                           8                          60                           1
69                                                      59                           8                          61                           1
70                                                      62                           8                          63                           1
71                                                      62                           8                          64                           1
72                                                      65                           8                          66                           1
73                                                      65                           8                          67                           1
74                                                      68                           8                          69                           1
75                                                      68                           8                          70                           1
76                                                      71                           8                          72                           1
77                                                      71                           8                          73                           1
78                                                      74                           8                          75                           1
79                                                      74                           8                          76                           1
80                                                      77                           8                          78                           1
81                                                      77                           8                          79                           1
82                                                      80                           8                          81                           1
83                                                      80                           8                          82                           1
84                                                      83                           8                          84                           1
85                                                      83                           8                          85                           1
86                                                      86                           8                          87                           1
87                                                      86                           8                          88                           1
   &BondOrders [&Type "ArrayOfDoubles", &Dim (88,1)] "The bond orders"
                                                         0

0                                      8.9295245818102564e-01
1                                      8.7907011716749162e-01
2                                      9.8026509008262119e-01
3                                      9.5865160170268360e-01
4                                      9.1768311739932429e-01
5                                      9.5212144501793516e-01
6                                      9.5411075417046420e-01
7                                      1.1882517248947129e+00
8                                      1.7951803635417283e+00
9                                      8.9223278649237392e-01
10                                     9.7565589773217942e-01
11                                     9.4268296182527578e-01
12                                     9.3962050093177674e-01
13                                     9.4222406588722629e-01
14                                     9.8936401332725854e-01
15                                     9.5425497009097571e-01
16                                     1.4320980989222676e+00
17                                     1.3808294686988037e-01
18                                     1.3737471515442490e+00
19                                     1.3627950049224458e+00
20                                     9.2481711205765094e-01
21                                     1.4372435427549148e+00
22                                     9.2612962999682558e-01
23                                     1.3657301604738175e+00
24                                     9.7999020557432781e-01
25                                     1.2865074215946257e+00
26                                     9.4787606635328547e-01
27                                     9.4157038432194617e-01
28                                     7.9903890553020962e-01
29                                     1.1631913804639442e+00
30                                     9.2635270138468095e-01
31                                     9.4373346848067829e-01
32                                     9.4134861655446977e-01
33                                     8.4107876030390283e-01
34                                     9.8367972690230177e-01
35                                     9.9442320944731222e-01
36                                     1.1837839988472976e+00
37                                     1.1842693045053878e+00
38                                    -2.0725762113433821e-01
39                                     9.5099255016168804e-01
40                                     3.1270047553767533e-01
41                                     1.2482495223995855e+00
42                                     1.8814962117073026e+00
43                                     1.4838727932137459e+00
44                                     9.6882920534658434e-01
45                                     1.2052564123550638e+00
46                                     1.3506726010891357e-01
47                                     9.4283972964639706e-01
48                                     1.4098833039132566e+00
49                                     1.0128260811242187e-01
50                                     1.4441470662561540e+00
51                                     1.0922754417467968e+00
52                                     1.9484600550215427e+00
53                                     8.9950014704445769e-01
54                                     9.1843743081429163e-01
55                                     1.3700881911916514e+00
56                                     9.1382416054026128e-01
57                                     1.4012758086608348e+00
58                                     9.3984732189993647e-01
59                                     1.3620602403599524e+00
60                                     1.0684651280302604e+00
61                                     1.3254730140704256e+00
62                                     9.1670715141599024e-01
63                                     9.4424119373526083e-01
64                                     8.5133178884210403e-01
65                                     9.6163128725271596e-01
66                                     9.6734872323708798e-01
67                                     9.6025812199184535e-01
68                                     9.1140349715748203e-01
69                                     9.1139806579776139e-01
70                                     9.1179620899370617e-01
71                                     9.1127350139796781e-01
72                                     9.1132423062626289e-01
73                                     9.1125806873105075e-01
74                                     9.1084692295165581e-01
75                                     9.1130817879087089e-01
76                                     9.1043668216364559e-01
77                                     9.1044829589838439e-01
78                                     9.1074297223723510e-01
79                                     9.1142002973366687e-01
80                                     9.1164069105423906e-01
81                                     9.1080866810208905e-01
82                                     9.1130326352152036e-01
83                                     9.1122200521912255e-01
84                                     9.1139390901492812e-01
85                                     9.1114168694795816e-01
86                                     9.1123058556416359e-01
87                                     9.1118044941941689e-01
   &ATNO [&Type "ArrayOfIntegers", &Dim (89,1)] "Atomic number of the elements"
                                                         0

0                                                        6
1                                                        6
2                                                        6
3                                                        7
4                                                        6
5                                                        6
6                                                        6
7                                                        6
8                                                        6
9                                                        6
10                                                       6
11                                                       6
12                                                       7
13                                                       6
14                                                       6
15                                                       6
16                                                       6
17                                                       6
18                                                       8
19                                                       8
20                                                       6
21                                                       7
22                                                       7
23                                                       6
24                                                       6
25                                                       7
26                                                       8
27                                                       6
28                                                       6
29                                                       6
30                                                       6
31                                                       6
32                                                       8
33                                                       6
34                                                       1
35                                                       1
36                                                       1
37                                                       1
38                                                       1
39                                                       1
40                                                       1
41                                                       1
42                                                       1
43                                                       1
44                                                       1
45                                                       1
46                                                       1
47                                                       1
48                                                       1
49                                                       1
50                                                       1
51                                                       1
52                                                       1
53                                                       1
54                                                       1
55                                                       1
56                                                       1
57                                                       1
58                                                       1
59                                                       8
60                                                       1
61                                                       1
62                                                       8
63                                                       1
64                                                       1
65                                                       8
66                                                       1
67                                                       1
68                                                       8
69                                                       1
70                                                       1
71                                                       8
72                                                       1
73                                                       1
74                                                       8
75                                                       1
76                                                       1
77                                                       8
78                                                       1
79                                                       1
80                                                       8
81                                                       1
82                                                       1
83                                                       8
84                                                       1
85                                                       1
86                                                       8
87                                                       1
88                                                       1
   &NA [&Type "ArrayOfDoubles", &Dim (89,1)] "Mulliken gross atomic population"
                                                         0

0                                      6.2569792237726887e+00
1                                      6.3506043650245916e+00
2                                      5.7721045245668154e+00
3                                      6.7498884726028434e+00
4                                      6.2596579929296254e+00
5                                      6.2999562110529066e+00
6                                      5.9988658531890060e+00
7                                      6.2347174148226756e+00
8                                      6.2451393466006184e+00
9                                      5.9491440217058758e+00
10                                     6.2435726044550943e+00
11                                     6.2563044494319362e+00
12                                     6.6958374465932931e+00
13                                     6.2904520307667280e+00
14                                     6.4624355643258049e+00
15                                     6.0031148956227334e+00
16                                     6.0292980600565569e+00
17                                     6.0395305156944152e+00
18                                     8.4387149657209282e+00
19                                     8.4138374147919617e+00
20                                     5.6835410439399032e+00
21                                     7.4623233553825417e+00
22                                     6.1432836992470028e+00
23                                     6.0520791421263960e+00
24                                     5.9817037329387404e+00
25                                     7.3668431919262334e+00
26                                     8.4149228624751231e+00
27                                     6.1734952412202322e+00
28                                     6.3129294769256559e+00
29                                     5.6483133273640611e+00
30                                     6.2411211366262069e+00
31                                     6.2582243695646156e+00
32                                     8.1861559867589371e+00
33                                     6.3347759701974828e+00
34                                     8.4512196908777992e-01
35                                     8.4176187833136895e-01
36                                     8.2679802671910141e-01
37                                     8.2113380159332117e-01
38                                     8.3574025602333624e-01
39                                     8.5024206390180912e-01
40                                     8.3853398630416154e-01
41                                     8.4210583098035707e-01
42                                     8.4171742833789942e-01
43                                     8.4040639827391983e-01
44                                     8.5590115700449265e-01
45                                     8.5602445430273555e-01
46                                     8.3144629967317751e-01
47                                     8.2742104597432498e-01
48                                     8.1508654207819176e-01
49                                     8.0417758486948354e-01
50                                     7.2618487113608898e-01
51                                     7.5059014742765173e-01
52                                     8.4208607872499297e-01
53                                     8.3995419740129862e-01
54                                     8.4860998058053838e-01
55                                     8.4195454542060222e-01
56                                     8.4125568295188113e-01
57                                     8.4466882322718428e-01
58                                     8.4201287627448662e-01
59                                     8.6098645585113545e+00
60                                     6.9507520137562284e-01
61                                     6.9506024011264822e-01
62                                     8.6092828645486357e+00
63                                     6.9587705962423030e-01
64                                     6.9484007582714380e-01
65                                     8.6103695792612598e+00
66                                     6.9487452932449500e-01
67                                     6.9475589141428040e-01
68                                     8.6112659321175578e+00
69                                     6.9391480221947388e-01
70                                     6.9481921854983730e-01
71                                     8.6126247712045370e+00
72                                     6.9323100700540263e-01
73                                     6.9348956189632360e-01
74                                     8.6108052603988661e+00
75                                     6.9382714857498851e-01
76                                     6.9521846102078533e-01
77                                     8.6106296000493892e+00
78                                     6.9550105945999419e-01
79                                     6.9386934049036275e-01
80                                     8.6104459729322684e+00
81                                     6.9485870494674751e-01
82                                     6.9469532211897578e-01
83                                     8.6104308787707176e+00
84                                     6.9502931031040549e-01
85                                     6.9453981091400030e-01
86                                     8.6107283731968920e+00
87                                     6.9468648259520971e-01
88                                     6.9458514420790540e-01
   &ZA [&Type "ArrayOfDoubles", &Dim (89,1)] "Total nuclear charge"
                                                         0

0                                      6.0000000000000000e+00
1                                      6.0000000000000000e+00
2                                      6.0000000000000000e+00
3                                      7.0000000000000000e+00
4                                      6.0000000000000000e+00
5                                      6.0000000000000000e+00
6                                      6.0000000000000000e+00
7                                      6.0000000000000000e+00
8                                      6.0000000000000000e+00
9                                      6.0000000000000000e+00
10                                     6.0000000000000000e+00
11                                     6.0000000000000000e+00
12                                     7.0000000000000000e+00
13                                     6.0000000000000000e+00
14                                     6.0000000000000000e+00
15                                     6.0000000000000000e+00
16                                     6.0000000000000000e+00
17                                     6.0000000000000000e+00
18                                     8.0000000000000000e+00
19                                     8.0000000000000000e+00
20                                     6.0000000000000000e+00
21                                     7.0000000000000000e+00
22                                     7.0000000000000000e+00
23                                     6.0000000000000000e+00
24                                     6.0000000000000000e+00
25                                     7.0000000000000000e+00
26                                     8.0000000000000000e+00
27                                     6.0000000000000000e+00
28                                     6.0000000000000000e+00
29                                     6.0000000000000000e+00
30                                     6.0000000000000000e+00
31                                     6.0000000000000000e+00
32                                     8.0000000000000000e+00
33                                     6.0000000000000000e+00
34                                     1.0000000000000000e+00
35                                     1.0000000000000000e+00
36                                     1.0000000000000000e+00
37                                     1.0000000000000000e+00
38                                     1.0000000000000000e+00
39                                     1.0000000000000000e+00
40                                     1.0000000000000000e+00
41                                     1.0000000000000000e+00
42                                     1.0000000000000000e+00
43                                     1.0000000000000000e+00
44                                     1.0000000000000000e+00
45                                     1.0000000000000000e+00
46                                     1.0000000000000000e+00
47                                     1.0000000000000000e+00
48                                     1.0000000000000000e+00
49                                     1.0000000000000000e+00
50                                     1.0000000000000000e+00
51                                     1.0000000000000000e+00
52                                     1.0000000000000000e+00
53                                     1.0000000000000000e+00
54                                     1.0000000000000000e+00
55                                     1.0000000000000000e+00
56                                     1.0000000000000000e+00
57                                     1.0000000000000000e+00
58                                     1.0000000000000000e+00
59                                     8.0000000000000000e+00
60                                     1.0000000000000000e+00
61                                     1.0000000000000000e+00
62                                     8.0000000000000000e+00
63                                     1.0000000000000000e+00
64                                     1.0000000000000000e+00
65                                     8.0000000000000000e+00
66                                     1.0000000000000000e+00
67                                     1.0000000000000000e+00
68                                     8.0000000000000000e+00
69                                     1.0000000000000000e+00
70                                     1.0000000000000000e+00
71                                     8.0000000000000000e+00
72                                     1.0000000000000000e+00
73                                     1.0000000000000000e+00
74                                     8.0000000000000000e+00
75                                     1.0000000000000000e+00
76                                     1.0000000000000000e+00
77                                     8.0000000000000000e+00
78                                     1.0000000000000000e+00
79                                     1.0000000000000000e+00
80                                     8.0000000000000000e+00
81                                     1.0000000000000000e+00
82                                     1.0000000000000000e+00
83                                     8.0000000000000000e+00
84                                     1.0000000000000000e+00
85                                     1.0000000000000000e+00
86                                     8.0000000000000000e+00
87                                     1.0000000000000000e+00
88                                     1.0000000000000000e+00
   &QA [&Type "ArrayOfDoubles", &Dim (89,1)] "Mulliken gross atomic charge"
                                                         0

0                                     -2.5697922377268867e-01
1                                     -3.5060436502459158e-01
2                                      2.2789547543318456e-01
3                                      2.5011152739715659e-01
4                                     -2.5965799292962544e-01
5                                     -2.9995621105290660e-01
6                                      1.1341468109939967e-03
7                                     -2.3471741482267561e-01
8                                     -2.4513934660061842e-01
9                                      5.0855978294124249e-02
10                                    -2.4357260445509432e-01
11                                    -2.5630444943193620e-01
12                                     3.0416255340670695e-01
13                                    -2.9045203076672799e-01
14                                    -4.6243556432580490e-01
15                                    -3.1148956227333713e-03
16                                    -2.9298060056556885e-02
17                                    -3.9530515694415236e-02
18                                    -4.3871496572092816e-01
19                                    -4.1383741479196168e-01
20                                     3.1645895606009677e-01
21                                    -4.6232335538254166e-01
22                                     8.5671630075299721e-01
23                                    -5.2079142126395972e-02
24                                     1.8296267061259641e-02
25                                    -3.6684319192623338e-01
26                                    -4.1492286247512311e-01
27                                    -1.7349524122023219e-01
28                                    -3.1292947692565587e-01
29                                     3.5168667263593889e-01
30                                    -2.4112113662620693e-01
31                                    -2.5822436956461559e-01
32                                    -1.8615598675893708e-01
33                                    -3.3477597019748284e-01
34                                     1.5487803091222008e-01
35                                     1.5823812166863105e-01
36                                     1.7320197328089859e-01
37                                     1.7886619840667883e-01
38                                     1.6425974397666376e-01
39                                     1.4975793609819088e-01
40                                     1.6146601369583846e-01
41                                     1.5789416901964293e-01
42                                     1.5828257166210058e-01
43                                     1.5959360172608017e-01
44                                     1.4409884299550735e-01
45                                     1.4397554569726445e-01
46                                     1.6855370032682249e-01
47                                     1.7257895402567502e-01
48                                     1.8491345792180824e-01
49                                     1.9582241513051646e-01
50                                     2.7381512886391102e-01
51                                     2.4940985257234827e-01
52                                     1.5791392127500703e-01
53                                     1.6004580259870138e-01
54                                     1.5139001941946162e-01
55                                     1.5804545457939778e-01
56                                     1.5874431704811887e-01
57                                     1.5533117677281572e-01
58                                     1.5798712372551338e-01
59                                    -6.0986455851135446e-01
60                                     3.0492479862437716e-01
61                                     3.0493975988735178e-01
62                                    -6.0928286454863567e-01
63                                     3.0412294037576970e-01
64                                     3.0515992417285620e-01
65                                    -6.1036957926125979e-01
66                                     3.0512547067550500e-01
67                                     3.0524410858571960e-01
68                                    -6.1126593211755775e-01
69                                     3.0608519778052612e-01
70                                     3.0518078145016270e-01
71                                    -6.1262477120453696e-01
72                                     3.0676899299459737e-01
73                                     3.0651043810367640e-01
74                                    -6.1080526039886607e-01
75                                     3.0617285142501149e-01
76                                     3.0478153897921467e-01
77                                    -6.1062960004938915e-01
78                                     3.0449894054000581e-01
79                                     3.0613065950963725e-01
80                                    -6.1044597293226843e-01
81                                     3.0514129505325249e-01
82                                     3.0530467788102422e-01
83                                    -6.1043087877071756e-01
84                                     3.0497068968959451e-01
85                                     3.0546018908599970e-01
86                                    -6.1072837319689199e-01
87                                     3.0531351740479029e-01
88                                     3.0541485579209460e-01
   &VA [&Type "ArrayOfDoubles", &Dim (89,1)] "Mayer's total valence"
                                                         0

0                                      3.6030602685743593e+00
1                                      3.7144455895024704e+00
2                                      3.9387025003996721e+00
3                                      3.1703556986900914e+00
4                                      3.7647036932404800e+00
5                                      3.7119263843347081e+00
6                                      3.9227891809777757e+00
7                                      3.8139924114133983e+00
8                                      3.8108915445484417e+00
9                                      3.8891967445958526e+00
10                                     3.6616737215882198e+00
11                                     3.6515128307886289e+00
12                                     3.0968279056227637e+00
13                                     3.7111898308859832e+00
14                                     3.7313648409854188e+00
15                                     3.0613201682888498e+00
16                                     3.7069109686086126e+00
17                                     3.9369182049157585e+00
18                                     1.9827136751738887e+00
19                                     2.0395366419223926e+00
20                                     3.5939835748817686e+00
21                                     3.1681810211076620e+00
22                                     3.4590698310378691e+00
23                                     4.0422907455088932e+00
24                                     4.1616147352479071e+00
25                                     2.9945498993368354e+00
26                                     2.0134775656946147e+00
27                                     3.7685338503501611e+00
28                                     3.8173253328192995e+00
29                                     3.8540644380254729e+00
30                                     3.6948404871468572e+00
31                                     3.7571594149940375e+00
32                                     2.0021850749042862e+00
33                                     3.7610912885613308e+00
34                                     9.6368999911555042e-01
35                                     9.5922538429441273e-01
36                                     9.5626632972226056e-01
37                                     9.5551487426291304e-01
38                                     9.5014410505951530e-01
39                                     9.5275671680206397e-01
40                                     9.6243050745035152e-01
41                                     9.5912698685919373e-01
42                                     9.6800162112692989e-01
43                                     9.6568570045969704e-01
44                                     9.7249108884966950e-01
45                                     9.7338543584135984e-01
46                                     9.5092390939231508e-01
47                                     9.3652595980939057e-01
48                                     9.4761793838468900e-01
49                                     9.4962826867203964e-01
50                                     9.2688778602170818e-01
51                                     9.4131305724625913e-01
52                                     9.6764137922768723e-01
53                                     9.6844599835754208e-01
54                                     9.6967445864389212e-01
55                                     9.6870850407142384e-01
56                                     9.5225935850240007e-01
57                                     9.5825430514278365e-01
58                                     9.5197227075386126e-01
59                                     1.8228015629557301e+00
60                                     9.1498994883843432e-01
61                                     9.1498451747899745e-01
62                                     1.8230697103916471e+00
63                                     9.1538602645715517e-01
64                                     9.1486331886141992e-01
65                                     1.8225822993572338e+00
66                                     9.1490601223626611e-01
67                                     9.1483985034105686e-01
68                                     1.8221551690993856e+00
69                                     9.1443305212810955e-01
70                                     9.1489398102938702e-01
71                                     1.8223598691626526e+00
72                                     9.1408818840244088e-01
73                                     9.1428146863240778e-01
74                                     1.8224622451885431e+00
75                                     9.1434775090853715e-01
76                                     9.1503338350011743e-01
77                                     1.8224493591566437e+00
78                                     9.1522496297658418e-01
79                                     9.1439294002505433e-01
80                                     1.8225252687446769e+00
81                                     9.1489037693122599e-01
82                                     9.1480911862884540e-01
83                                     1.8225355959720844e+00
84                                     9.1498018068359199e-01
85                                     9.1472795861626677e-01
86                                     1.8224110349835811e+00
87                                     9.1481208393423952e-01
88                                     9.1476194778949460e-01
   &BVA [&Type "ArrayOfDoubles", &Dim (89,1)] "Mayer's bonded valence"
                                                         0

0                                      3.6030602685743705e+00
1                                      3.7144455895025352e+00
2                                      3.9387025003997342e+00
3                                      3.1703556986901180e+00
4                                      3.7647036932404920e+00
5                                      3.7119263843346841e+00
6                                      3.9227891809778552e+00
7                                      3.8139924114135169e+00
8                                      3.8108915445485789e+00
9                                      3.8891967445959450e+00
10                                     3.6616737215883197e+00
11                                     3.6515128307887439e+00
12                                     3.0968279056228294e+00
13                                     3.7111898308860258e+00
14                                     3.7313648409854161e+00
15                                     3.0613201682888183e+00
16                                     3.7069109686086512e+00
17                                     3.9369182049158340e+00
18                                     1.9827136751739154e+00
19                                     2.0395366419223855e+00
20                                     3.5939835748817615e+00
21                                     3.1681810211076762e+00
22                                     3.4590698310378141e+00
23                                     4.0422907455088914e+00
24                                     4.1616147352479267e+00
25                                     2.9945498993368043e+00
26                                     2.0134775656946218e+00
27                                     3.7685338503501264e+00
28                                     3.8173253328193142e+00
29                                     3.8540644380254969e+00
30                                     3.6948404871468350e+00
31                                     3.7571594149940077e+00
32                                     2.0021850749042995e+00
33                                     3.7610912885613308e+00
34                                     9.6368999911555409e-01
35                                     9.5922538429441573e-01
36                                     9.5626632972226477e-01
37                                     9.5551487426291903e-01
38                                     9.5014410505951474e-01
39                                     9.5275671680206309e-01
40                                     9.6243050745034664e-01
41                                     9.5912698685918718e-01
42                                     9.6800162112693977e-01
43                                     9.6568570045970437e-01
44                                     9.7249108884968682e-01
45                                     9.7338543584138693e-01
46                                     9.5092390939231708e-01
47                                     9.3652595980938869e-01
48                                     9.4761793838468134e-01
49                                     9.4962826867204175e-01
50                                     9.2688778602170807e-01
51                                     9.4131305724625947e-01
52                                     9.6764137922767612e-01
53                                     9.6844599835753487e-01
54                                     9.6967445864388346e-01
55                                     9.6870850407140685e-01
56                                     9.5225935850240273e-01
57                                     9.5825430514277898e-01
58                                     9.5197227075385538e-01
59                                     1.8228015629557701e+00
60                                     9.1498994883844176e-01
61                                     9.1498451747900200e-01
62                                     1.8230697103916755e+00
63                                     9.1538602645715639e-01
64                                     9.1486331886141814e-01
65                                     1.8225822993573155e+00
66                                     9.1490601223626689e-01
67                                     9.1483985034105464e-01
68                                     1.8221551690994264e+00
69                                     9.1443305212811277e-01
70                                     9.1489398102939146e-01
71                                     1.8223598691626890e+00
72                                     9.1408818840244477e-01
73                                     9.1428146863240844e-01
74                                     1.8224622451886292e+00
75                                     9.1434775090854392e-01
76                                     9.1503338350011698e-01
77                                     1.8224493591566491e+00
78                                     9.1522496297658129e-01
79                                     9.1439294002505123e-01
80                                     1.8225252687447409e+00
81                                     9.1489037693122910e-01
82                                     9.1480911862884973e-01
83                                     1.8225355959720853e+00
84                                     9.1498018068359721e-01
85                                     9.1472795861626999e-01
86                                     1.8224110349835820e+00
87                                     9.1481208393424451e-01
88                                     9.1476194778949793e-01
   &FA [&Type "ArrayOfDoubles", &Dim (89,1)] "Mayer's free valence"
                                                         0

0                                      0.0000000000000000e+00
1                                      0.0000000000000000e+00
2                                      0.0000000000000000e+00
3                                      0.0000000000000000e+00
4                                      0.0000000000000000e+00
5                                      0.0000000000000000e+00
6                                      0.0000000000000000e+00
7                                      0.0000000000000000e+00
8                                      0.0000000000000000e+00
9                                      0.0000000000000000e+00
10                                     0.0000000000000000e+00
11                                     0.0000000000000000e+00
12                                     0.0000000000000000e+00
13                                     0.0000000000000000e+00
14                                     0.0000000000000000e+00
15                                     0.0000000000000000e+00
16                                     0.0000000000000000e+00
17                                     0.0000000000000000e+00
18                                     0.0000000000000000e+00
19                                     0.0000000000000000e+00
20                                     0.0000000000000000e+00
21                                     0.0000000000000000e+00
22                                     0.0000000000000000e+00
23                                     0.0000000000000000e+00
24                                     0.0000000000000000e+00
25                                     0.0000000000000000e+00
26                                     0.0000000000000000e+00
27                                     0.0000000000000000e+00
28                                     0.0000000000000000e+00
29                                     0.0000000000000000e+00
30                                     0.0000000000000000e+00
31                                     0.0000000000000000e+00
32                                     0.0000000000000000e+00
33                                     0.0000000000000000e+00
34                                     0.0000000000000000e+00
35                                     0.0000000000000000e+00
36                                     0.0000000000000000e+00
37                                     0.0000000000000000e+00
38                                     0.0000000000000000e+00
39                                     0.0000000000000000e+00
40                                     0.0000000000000000e+00
41                                     0.0000000000000000e+00
42                                     0.0000000000000000e+00
43                                     0.0000000000000000e+00
44                                     0.0000000000000000e+00
45                                     0.0000000000000000e+00
46                                     0.0000000000000000e+00
47                                     0.0000000000000000e+00
48                                     0.0000000000000000e+00
49                                     0.0000000000000000e+00
50                                     0.0000000000000000e+00
51                                     0.0000000000000000e+00
52                                     0.0000000000000000e+00
53                                     0.0000000000000000e+00
54                                     0.0000000000000000e+00
55                                     0.0000000000000000e+00
56                                     0.0000000000000000e+00
57                                     0.0000000000000000e+00
58                                     0.0000000000000000e+00
59                                     0.0000000000000000e+00
60                                     0.0000000000000000e+00
61                                     0.0000000000000000e+00
62                                     0.0000000000000000e+00
63                                     0.0000000000000000e+00
64                                     0.0000000000000000e+00
65                                     0.0000000000000000e+00
66                                     0.0000000000000000e+00
67                                     0.0000000000000000e+00
68                                     0.0000000000000000e+00
69                                     0.0000000000000000e+00
70                                     0.0000000000000000e+00
71                                     0.0000000000000000e+00
72                                     0.0000000000000000e+00
73                                     0.0000000000000000e+00
74                                     0.0000000000000000e+00
75                                     0.0000000000000000e+00
76                                     0.0000000000000000e+00
77                                     0.0000000000000000e+00
78                                     0.0000000000000000e+00
79                                     0.0000000000000000e+00
80                                     0.0000000000000000e+00
81                                     0.0000000000000000e+00
82                                     0.0000000000000000e+00
83                                     0.0000000000000000e+00
84                                     0.0000000000000000e+00
85                                     0.0000000000000000e+00
86                                     0.0000000000000000e+00
87                                     0.0000000000000000e+00
88                                     0.0000000000000000e+00
   &Method [&Type "String"] "SCF"
   &Level [&Type "String"] "Relaxed density"
   &Mult [&Type "Integer"] 1
   &State [&Type "Integer"] -1
   &Irrep [&Type "Integer"] 0
$End
$SCF_Energy
   &GeometryIndex 1
   &Method [&Type "String"] "SCF"
   &totalEnergy [&Type "ArrayOfDoubles", &Dim (1,1)] "Total energy of each state"
                                                         0

0                                     -2.3063165888843960e+03
   &Mult [&Type "ArrayOfIntegers", &Dim (1,1)] "Multiplicity of each state"
                                                         0

0                                                        1
$End
$DFT_Energy
   &GeometryIndex 1
   &nAlphaEl [&Type "Integer"] 171
   &nBetaEl [&Type "Integer"] 171
   &nTotalEl [&Type "Integer"] 342
   &finalEn [&Type "Double"]      -2.3063165888843960e+03  "No Van der Waals correction"
   &eExchange [&Type "Double"]      -2.9539185724926921e+02
   &eCorr [&Type "Double"]      -1.1171638786338749e+01
   &eXC [&Type "Double"]      -3.0656349603560795e+02
   &eCNL [&Type "Double"]       0.0000000000000000e+00
$End
$SCF_Timings
   &GeometryIndex 1
   &TOTAL [&Type "Double"]       2.3626000000000002e+02
   &PREP [&Type "Double"]       5.8499999999999996e-01
   &FOCK [&Type "Double"]       2.0464600000000002e+02
   &DENS [&Type "Double"]       1.9910000000000139e+00
   &ETOT [&Type "Double"]       5.8999999999999631e-01
   &POP [&Type "Double"]       1.1200000000000045e+00
   &TRAFO [&Type "Double"]       2.6680000000000064e+00
   &DIIS [&Type "Double"]       9.6140000000000043e+00
   &SOSCF [&Type "Double"]       8.2170000000000130e+00
   &XC [&Type "Double"]       1.3957300000000006e+02
   &FOCKSTART [&Type "Double"]       3.1799999999999073e-01
   &INT_BF [&Type "Double"]       2.3536000000001614e+01
   &INT_DENS [&Type "Double"]       5.0486000000000040e+01
   &INT_DENSIO [&Type "Double"]       4.0334916159999962e+06
   &INT_FUNC [&Type "Double"]       6.6320000000002119e+00
   &INT_POT [&Type "Double"]       5.1133999999998323e+01
   &INT_POTIO [&Type "Double"]       1.1050000000001230e+00
   &INT_SUM [&Type "Double"]       3.9999999999587033e-03
   &SPLITRIJ [&Type "Double"]       7.1403999999999968e+01
$End
$VdW_Correction
   &GeometryIndex 1
   &vdW [&Type "Double"]      -3.0279000227685461e-02
$End
$gCP_Energy
   &GeometryIndex 1
   &gCP_Energy [&Type "Double"]       5.5772105400000001e-02
$End
$Single_Point_Data
   &GeometryIndex 1
   &FinalEnergy [&Type "Double"]      -2.3062910957792237e+03  "Final single point energy"
   &Converged [&Type "Boolean"] true
$End
