*************************************************
******************* ORCA 6.1.1 ******************
*************************************************
$Calculation_Status
   &GeometryIndex 1
   &version [&Type "String"] "6.1.1"
   &progName [&Type "String"] "LeanSCF"
   &Status [&Type "String"] "NORMAL TERMINATION"
$End
$Geometry
   &GeometryIndex 1
   &NAtoms [&Type "Integer"] 59
   &NCorelessECP [&Type "Integer"] 0
   &NGhostAtoms [&Type "Integer"] 0
   &CartesianCoordinates [&Type "Coordinates", &Dim(59,4), &Units "Bohr"] 
              C     31.174518537933   47.723903059111   52.301015568890
              H     32.486310540899   46.558565625208   51.765581321995
              H     31.988766115572   49.297304779632   52.770449599879
              C     29.912879772075   46.673660680408   54.537590730171
              H     29.082408479836   48.036490765848   55.443161383033
              H     31.178981163993   45.956932382116   55.651270194737
              C     28.029715069647   44.714428945295   53.933183274628
              H     27.165040717042   44.212195977149   55.469918223233
              H     28.886882655260   43.239119601365   53.260991796196
              C     26.134845044497   45.626818844987   52.054257983809
              H     24.899705171221   46.655350103445   52.933963671617
              H     25.251844751455   44.172959026512   51.373147546045
              C     27.173225102031   47.134302477101   49.892899270583
              C     32.533817518913   48.837709305403   46.745402092179
              H     33.312189231714   47.319762467555   47.172322463004
              C     30.479433386436   49.672671607388   48.110893214371
              C     29.368769584629   51.938997879928   47.485377574603
              C     33.439629527597   50.248146883389   44.747854761303
              H     34.843808937340   49.692290082706   43.848527385642
              H     32.791727171595   50.827545854454   39.597161596047
              N     29.478551070092   48.201809110304   50.158386668370
              O     25.935897039275   47.401636912109   47.948271055573
              H     28.017215117086   52.538276902203   48.435840278044
              C     30.242572259324   53.323015914932   45.467911264159
              H     29.459773409519   54.837562209499   45.040693601618
              C     32.267859409243   52.476282527756   44.082203851787
              C     32.667165382149   52.647617212202   39.415512313930
              H     30.972281426581   53.043125667058   38.842023895986
              C     33.540609632488   56.386375437175   42.104278208764
              C     33.940789603731   57.606906177860   39.637891449226
              C     34.564263526691   56.340860570657   37.477127357225
              C     34.555013109396   53.527832804813   37.446505630239
              H     36.226838381013   52.886177864513   37.840128591948
              H     34.071926884233   52.914951628313   35.788770270059
              C     35.098384980841   58.228942642842   35.715337591194
              C     35.988481875817   57.900921731742   33.084544865875
              C     33.531477682124   62.243405844734   40.711435644043
              C     31.454771178587   62.153160858270   42.275522035177
              H     30.407165402479   60.741415381929   42.263927412612
              C     30.927157468811   64.154245340729   43.857149034361
              H     29.527964233754   64.092250966282   44.915828303258
              C     32.469900631584   66.241912709376   43.866662577123
              C     34.509558071608   66.353868797187   42.233900269057
              H     35.519198267028   67.790987512944   42.198521780138
              C     35.052575109176   64.364293824028   40.668327381552
              H     36.435052337079   64.440151928592   39.585269662870
              C     30.255952030578   68.071662507389   47.298971549452
              H     30.288995195941   69.548802901457   48.352596745804
              H     30.553648695380   66.598184213596   48.313947972426
              H     28.631870765323   67.937472128654   46.500428295184
              H     36.415442308837   59.886049858055   30.071723820310
              H     35.207804451468   61.227953569821   32.158757922832
              N     33.098863264100   53.846960003323   41.893196423214
              N     34.109914499128   60.131934748710   39.133078929318
              N     34.792052418785   60.533721119448   36.708908538229
              N     35.912822986182   59.953275825920   31.636702105486
              O     33.754396447614   57.464345257214   44.118176943034
              O     36.787814997814   55.853276079200   32.395110090005
              O     32.159541195418   68.266800938108   45.426289498039
$End
$SCF_Mulliken_Population_Analysis
   &GeometryIndex 1
   &NAtoms [&Type "Integer"] 59
   &ATNO [&Type "ArrayOfIntegers", &Dim (59,1)] 
                                                         0

0                                                        6
1                                                        1
2                                                        1
3                                                        6
4                                                        1
5                                                        1
6                                                        6
7                                                        1
8                                                        1
9                                                        6
10                                                       1
11                                                       1
12                                                       6
13                                                       6
14                                                       1
15                                                       6
16                                                       6
17                                                       6
18                                                       1
19                                                       1
20                                                       7
21                                                       8
22                                                       1
23                                                       6
24                                                       1
25                                                       6
26                                                       6
27                                                       1
28                                                       6
29                                                       6
30                                                       6
31                                                       6
32                                                       1
33                                                       1
34                                                       6
35                                                       6
36                                                       6
37                                                       6
38                                                       1
39                                                       6
40                                                       1
41                                                       6
42                                                       6
43                                                       1
44                                                       6
45                                                       1
46                                                       6
47                                                       1
48                                                       1
49                                                       1
50                                                       1
51                                                       1
52                                                       7
53                                                       7
54                                                       7
55                                                       7
56                                                       8
57                                                       8
58                                                       8
   &AtomicCharges [&Type "ArrayOfDoubles", &Dim (59,1)] 
                                                         0

0                                     -1.5765705246088491e-01
1                                      1.3339552537196719e-01
2                                      1.4168848323465344e-01
3                                     -2.6290739086006720e-01
4                                      1.4733948952638443e-01
5                                      1.3735759000781056e-01
6                                     -2.3112434029606277e-01
7                                      1.3630013099337046e-01
8                                      1.3979684061203090e-01
9                                     -2.8187041226885334e-01
10                                     1.6210367978014895e-01
11                                     1.6153581063425904e-01
12                                     2.2425517041084042e-01
13                                    -1.6831542955882739e-01
14                                     1.0332972800952755e-01
15                                    -8.7364335053225162e-02
16                                    -1.9806949940369911e-01
17                                    -2.2573009241891206e-01
18                                     1.0479471668723228e-01
19                                     1.3945456839390902e-01
20                                     2.2126137108398414e-01
21                                    -4.4520474931743514e-01
22                                     1.0886198395643787e-01
23                                    -1.5591999629577469e-01
24                                     1.1166844760816819e-01
25                                     1.4486727964889923e-02
26                                    -1.9494743840655904e-01
27                                     1.5919482095533666e-01
28                                    -5.0447727375191320e-03
29                                    -1.9704964586262363e-03
30                                    -1.0564768987175022e-01
31                                    -3.3223498019645348e-01
32                                     1.7744650635774384e-01
33                                     1.7493076220692494e-01
34                                     2.7387817472641540e-01
35                                     1.4607446781469502e-01
36                                     3.4006265512561917e-02
37                                    -1.6765933814518608e-01
38                                     1.1237525321750175e-01
39                                    -2.5046395237398755e-01
40                                     1.0054554686847117e-01
41                                     3.9415476835552532e-01
42                                    -2.7007545263256905e-01
43                                     1.1342367753335836e-01
44                                    -2.2301949301736990e-01
45                                     1.1886687871936341e-01
46                                    -2.2598252457186785e-01
47                                     1.3165636876393394e-01
48                                     1.4498697969528385e-01
49                                     1.3800525068527292e-01
50                                     1.5528795589540667e-01
51                                     1.5428561515510275e-01
52                                     2.2923646170870704e-01
53                                     8.3889878154473951e-01
54                                    -5.0105672591254002e-01
55                                    -2.1635967111279086e-01
56                                    -4.2374010494639869e-01
57                                    -4.1688040345868060e-01
58                                    -2.3563845821587570e-01
   &Method [&Type "String"] "SCF"
   &Level [&Type "String"] "Relaxed density"
   &Mult [&Type "Integer"] 1
   &State [&Type "Integer"] -1
   &Irrep [&Type "Integer"] 0
$End
$SCF_Loewdin_Population_Analysis
   &GeometryIndex 1
   &NAtoms [&Type "Integer"] 59
   &ATNO [&Type "ArrayOfIntegers", &Dim (59,1)] 
                                                         0

0                                                        6
1                                                        1
2                                                        1
3                                                        6
4                                                        1
5                                                        1
6                                                        6
7                                                        1
8                                                        1
9                                                        6
10                                                       1
11                                                       1
12                                                       6
13                                                       6
14                                                       1
15                                                       6
16                                                       6
17                                                       6
18                                                       1
19                                                       1
20                                                       7
21                                                       8
22                                                       1
23                                                       6
24                                                       1
25                                                       6
26                                                       6
27                                                       1
28                                                       6
29                                                       6
30                                                       6
31                                                       6
32                                                       1
33                                                       1
34                                                       6
35                                                       6
36                                                       6
37                                                       6
38                                                       1
39                                                       6
40                                                       1
41                                                       6
42                                                       6
43                                                       1
44                                                       6
45                                                       1
46                                                       6
47                                                       1
48                                                       1
49                                                       1
50                                                       1
51                                                       1
52                                                       7
53                                                       7
54                                                       7
55                                                       7
56                                                       8
57                                                       8
58                                                       8
   &AtomicCharges [&Type "ArrayOfDoubles", &Dim (59,1)] 
                                                         0

0                                      8.6350187002013357e-03
1                                      1.6133399256537062e-01
2                                      1.7018170952884426e-01
3                                     -2.3737555503230379e-01
4                                      1.4435024111168271e-01
5                                      1.4689335660932512e-01
6                                     -2.5570364314720351e-01
7                                      1.4210456250455938e-01
8                                      1.4202306302252732e-01
9                                     -1.9994364302146117e-01
10                                     1.6122527130743469e-01
11                                     1.6264425803135008e-01
12                                     3.6217767346576846e-01
13                                    -8.8134163449102410e-02
14                                     1.4439989912962636e-01
15                                     1.6325707047427773e-01
16                                    -6.2105589822558649e-02
17                                    -9.0863627262228519e-02
18                                     1.4550494820994964e-01
19                                     1.7328736086703200e-01
20                                    -7.4375542104613857e-01
21                                    -4.6640843169519108e-01
22                                     1.4981484178610283e-01
23                                    -6.6279836437145967e-02
24                                     1.5006670719811410e-01
25                                     1.6328634630075545e-01
26                                     2.4534890743537652e-02
27                                     1.6769570771338682e-01
28                                     3.8471109740641829e-01
29                                     2.4855523132117074e-01
30                                     3.5185951324784526e-02
31                                    -1.9333861553869980e-01
32                                     1.6001892830862130e-01
33                                     1.6340656992257152e-01
34                                     2.1974494204335038e-01
35                                     3.6234496888369794e-01
36                                     1.8315421418822453e-01
37                                    -5.2482568853884359e-02
38                                     1.5112133310789500e-01
39                                    -1.3601014658236110e-01
40                                     1.4379317081159038e-01
41                                     2.0736985510436856e-01
42                                    -9.6810771792732453e-02
43                                     1.4925471846421612e-01
44                                    -6.6768443241829623e-02
45                                     1.5117455669432955e-01
46                                    -2.1131045359391365e-02
47                                     1.5972478372215182e-01
48                                     1.5509175351122839e-01
49                                     1.5197858615029269e-01
50                                     1.9465563338523517e-01
51                                     1.6124753826599658e-01
52                                    -7.3103593594954042e-01
53                                    -5.6393790839653590e-01
54                                    -3.2485491546741763e-01
55                                    -3.2411224456012011e-01
56                                    -4.3217730179011937e-01
57                                    -4.5261061716010431e-01
58                                    -6.6011032627990396e-01
   &Method [&Type "String"] "SCF"
   &Level [&Type "String"] "Relaxed density"
   &Mult [&Type "Integer"] 1
   &State [&Type "Integer"] -1
   &Irrep [&Type "Integer"] 0
$End
$SCF_Mayer_Population_Analysis
   &GeometryIndex 1
   &NAtoms [&Type "Integer"] 59 "Total number of atoms"
   &NBondOrdersPrint [&Type "Integer"] 66 "The number of bond orders larger than threshold"
   &bondThresh [&Type "Double"]       1.0000000000000001e-01  "The threshold for printing"
   &components [&Type "ArrayOfIntegers", &Dim (66,4)] "The indices and atomic numbers of the bonding atoms"
                                                         0                           1                           2                           3

0                                                        0                           6                           1                           1
1                                                        0                           6                           2                           1
2                                                        0                           6                           3                           6
3                                                        0                           6                          20                           7
4                                                        3                           6                           4                           1
5                                                        3                           6                           5                           1
6                                                        3                           6                           6                           6
7                                                        6                           6                           7                           1
8                                                        6                           6                           8                           1
9                                                        6                           6                           9                           6
10                                                       9                           6                          10                           1
11                                                       9                           6                          11                           1
12                                                       9                           6                          12                           6
13                                                      12                           6                          20                           7
14                                                      12                           6                          21                           8
15                                                      13                           6                          14                           1
16                                                      13                           6                          15                           6
17                                                      13                           6                          17                           6
18                                                      15                           6                          16                           6
19                                                      15                           6                          20                           7
20                                                      15                           6                          25                           6
21                                                      16                           6                          22                           1
22                                                      16                           6                          23                           6
23                                                      17                           6                          18                           1
24                                                      17                           6                          25                           6
25                                                      19                           1                          26                           6
26                                                      23                           6                          24                           1
27                                                      23                           6                          25                           6
28                                                      25                           6                          52                           7
29                                                      26                           6                          27                           1
30                                                      26                           6                          31                           6
31                                                      26                           6                          52                           7
32                                                      28                           6                          29                           6
33                                                      28                           6                          52                           7
34                                                      28                           6                          56                           8
35                                                      29                           6                          30                           6
36                                                      29                           6                          53                           7
37                                                      29                           6                          54                           7
38                                                      30                           6                          31                           6
39                                                      30                           6                          34                           6
40                                                      30                           6                          54                           7
41                                                      31                           6                          32                           1
42                                                      31                           6                          33                           1
43                                                      34                           6                          35                           6
44                                                      34                           6                          54                           7
45                                                      35                           6                          55                           7
46                                                      35                           6                          57                           8
47                                                      36                           6                          37                           6
48                                                      36                           6                          44                           6
49                                                      36                           6                          53                           7
50                                                      37                           6                          38                           1
51                                                      37                           6                          39                           6
52                                                      39                           6                          40                           1
53                                                      39                           6                          41                           6
54                                                      41                           6                          42                           6
55                                                      41                           6                          58                           8
56                                                      42                           6                          43                           1
57                                                      42                           6                          44                           6
58                                                      44                           6                          45                           1
59                                                      46                           6                          47                           1
60                                                      46                           6                          48                           1
61                                                      46                           6                          49                           1
62                                                      46                           6                          58                           8
63                                                      50                           1                          55                           7
64                                                      51                           1                          55                           7
65                                                      53                           7                          54                           7
   &BondOrders [&Type "ArrayOfDoubles", &Dim (66,1)] "The bond orders"
                                                         0

0                                      9.5708852525000210e-01
1                                      9.5232439451546058e-01
2                                      9.4787637046000950e-01
3                                      9.5096877183398176e-01
4                                      1.0061208995256048e+00
5                                      9.6809612941429979e-01
6                                      9.1653975829293088e-01
7                                      9.7634549370496626e-01
8                                      9.9330151358249152e-01
9                                      9.1217672615798384e-01
10                                     9.6187095018229885e-01
11                                     9.6835448943009261e-01
12                                     9.3872685253810118e-01
13                                     1.1941990923703751e+00
14                                     1.7924735940347918e+00
15                                     9.9266565914151061e-01
16                                     1.3994229390567170e+00
17                                     1.2538776981471624e+00
18                                     1.4479042336635004e+00
19                                     9.9198699666661028e-01
20                                     1.3342170886969171e-01
21                                     9.9472604699930300e-01
22                                     1.2778326627149790e+00
23                                     1.0182391426988022e+00
24                                     1.3846580821530308e+00
25                                     9.4552961418045511e-01
26                                     9.7763840516806311e-01
27                                     1.4558233330980881e+00
28                                     8.6885702086883188e-01
29                                     9.5907735206040567e-01
30                                     9.2605781327621095e-01
31                                     8.8649329521980380e-01
32                                     9.1468200286405432e-01
33                                     1.1874710589020478e+00
34                                     1.8839945250591348e+00
35                                     1.2447099794166638e+00
36                                     1.2923991892876694e+00
37                                     2.7962058667078915e-01
38                                     8.6426093834920437e-01
39                                     1.2208688308172837e+00
40                                    -1.6791936575736566e-01
41                                     9.9968069436982199e-01
42                                     1.0069826905161907e+00
43                                     9.9438055262531710e-01
44                                     1.4776953803492208e+00
45                                     1.0057442228365947e+00
46                                     1.9523314691929790e+00
47                                     1.4372390213131578e+00
48                                     1.3334273861274717e+00
49                                     8.9759872765453719e-01
50                                     9.7763425379778646e-01
51                                     1.3038228384332227e+00
52                                     9.6540921512093436e-01
53                                     1.3329559815430274e+00
54                                     1.3535534542561551e+00
55                                     1.0523158396331906e+00
56                                     1.0175159143657124e+00
57                                     1.2903482994987918e+00
58                                     1.0094127367964527e+00
59                                     9.6378929014191117e-01
60                                     9.8380571412343409e-01
61                                     9.8322311190703182e-01
62                                     9.0467254294313570e-01
63                                     1.0148693232168573e+00
64                                     1.0228138936716844e+00
65                                     1.2199901635916501e+00
   &ATNO [&Type "ArrayOfIntegers", &Dim (59,1)] "Atomic number of the elements"
                                                         0

0                                                        6
1                                                        1
2                                                        1
3                                                        6
4                                                        1
5                                                        1
6                                                        6
7                                                        1
8                                                        1
9                                                        6
10                                                       1
11                                                       1
12                                                       6
13                                                       6
14                                                       1
15                                                       6
16                                                       6
17                                                       6
18                                                       1
19                                                       1
20                                                       7
21                                                       8
22                                                       1
23                                                       6
24                                                       1
25                                                       6
26                                                       6
27                                                       1
28                                                       6
29                                                       6
30                                                       6
31                                                       6
32                                                       1
33                                                       1
34                                                       6
35                                                       6
36                                                       6
37                                                       6
38                                                       1
39                                                       6
40                                                       1
41                                                       6
42                                                       6
43                                                       1
44                                                       6
45                                                       1
46                                                       6
47                                                       1
48                                                       1
49                                                       1
50                                                       1
51                                                       1
52                                                       7
53                                                       7
54                                                       7
55                                                       7
56                                                       8
57                                                       8
58                                                       8
   &NA [&Type "ArrayOfDoubles", &Dim (59,1)] "Mulliken gross atomic population"
                                                         0

0                                      6.1576570524608840e+00
1                                      8.6660447462803247e-01
2                                      8.5831151676534589e-01
3                                      6.2629073908600681e+00
4                                      8.5266051047361557e-01
5                                      8.6264240999219000e-01
6                                      6.2311243402960663e+00
7                                      8.6369986900662943e-01
8                                      8.6020315938797043e-01
9                                      6.2818704122688489e+00
10                                     8.3789632021985094e-01
11                                     8.3846418936574163e-01
12                                     5.7757448295891631e+00
13                                     6.1683154295588363e+00
14                                     8.9667027199047222e-01
15                                     6.0873643350532198e+00
16                                     6.1980694994037187e+00
17                                     6.2257300924189085e+00
18                                     8.9520528331276805e-01
19                                     8.6054543160609065e-01
20                                     6.7787386289160221e+00
21                                     8.4452047493174369e+00
22                                     8.9113801604356269e-01
23                                     6.1559199962957685e+00
24                                     8.8833155239183159e-01
25                                     5.9855132720351101e+00
26                                     6.1949474384065528e+00
27                                     8.4080517904466412e-01
28                                     6.0050447727375325e+00
29                                     6.0019704964586253e+00
30                                     6.1056476898717609e+00
31                                     6.3322349801964464e+00
32                                     8.2255349364225661e-01
33                                     8.2506923779307484e-01
34                                     5.7261218252735819e+00
35                                     5.8539255321853041e+00
36                                     5.9659937344874434e+00
37                                     6.1676593381451905e+00
38                                     8.8762474678249903e-01
39                                     6.2504639523739884e+00
40                                     8.9945445313152894e-01
41                                     5.6058452316444694e+00
42                                     6.2700754526325682e+00
43                                     8.8657632246664220e-01
44                                     6.2230194930173841e+00
45                                     8.8113312128063670e-01
46                                     6.2259825245718696e+00
47                                     8.6834363123606617e-01
48                                     8.5501302030471626e-01
49                                     8.6199474931472719e-01
50                                     8.4471204410459300e-01
51                                     8.4571438484489703e-01
52                                     6.7707635382913001e+00
53                                     6.1611012184552685e+00
54                                     7.5010567259125409e+00
55                                     7.2163596711127891e+00
56                                     8.4237401049464005e+00
57                                     8.4168804034586842e+00
58                                     8.2356384582158668e+00
   &ZA [&Type "ArrayOfDoubles", &Dim (59,1)] "Total nuclear charge"
                                                         0

0                                      6.0000000000000000e+00
1                                      1.0000000000000000e+00
2                                      1.0000000000000000e+00
3                                      6.0000000000000000e+00
4                                      1.0000000000000000e+00
5                                      1.0000000000000000e+00
6                                      6.0000000000000000e+00
7                                      1.0000000000000000e+00
8                                      1.0000000000000000e+00
9                                      6.0000000000000000e+00
10                                     1.0000000000000000e+00
11                                     1.0000000000000000e+00
12                                     6.0000000000000000e+00
13                                     6.0000000000000000e+00
14                                     1.0000000000000000e+00
15                                     6.0000000000000000e+00
16                                     6.0000000000000000e+00
17                                     6.0000000000000000e+00
18                                     1.0000000000000000e+00
19                                     1.0000000000000000e+00
20                                     7.0000000000000000e+00
21                                     8.0000000000000000e+00
22                                     1.0000000000000000e+00
23                                     6.0000000000000000e+00
24                                     1.0000000000000000e+00
25                                     6.0000000000000000e+00
26                                     6.0000000000000000e+00
27                                     1.0000000000000000e+00
28                                     6.0000000000000000e+00
29                                     6.0000000000000000e+00
30                                     6.0000000000000000e+00
31                                     6.0000000000000000e+00
32                                     1.0000000000000000e+00
33                                     1.0000000000000000e+00
34                                     6.0000000000000000e+00
35                                     6.0000000000000000e+00
36                                     6.0000000000000000e+00
37                                     6.0000000000000000e+00
38                                     1.0000000000000000e+00
39                                     6.0000000000000000e+00
40                                     1.0000000000000000e+00
41                                     6.0000000000000000e+00
42                                     6.0000000000000000e+00
43                                     1.0000000000000000e+00
44                                     6.0000000000000000e+00
45                                     1.0000000000000000e+00
46                                     6.0000000000000000e+00
47                                     1.0000000000000000e+00
48                                     1.0000000000000000e+00
49                                     1.0000000000000000e+00
50                                     1.0000000000000000e+00
51                                     1.0000000000000000e+00
52                                     7.0000000000000000e+00
53                                     7.0000000000000000e+00
54                                     7.0000000000000000e+00
55                                     7.0000000000000000e+00
56                                     8.0000000000000000e+00
57                                     8.0000000000000000e+00
58                                     8.0000000000000000e+00
   &QA [&Type "ArrayOfDoubles", &Dim (59,1)] "Mulliken gross atomic charge"
                                                         0

0                                     -1.5765705246088402e-01
1                                      1.3339552537196753e-01
2                                      1.4168848323465411e-01
3                                     -2.6290739086006809e-01
4                                      1.4733948952638443e-01
5                                      1.3735759000781000e-01
6                                     -2.3112434029606632e-01
7                                      1.3630013099337057e-01
8                                      1.3979684061202957e-01
9                                     -2.8187041226884890e-01
10                                     1.6210367978014906e-01
11                                     1.6153581063425837e-01
12                                     2.2425517041083687e-01
13                                    -1.6831542955883627e-01
14                                     1.0332972800952778e-01
15                                    -8.7364335053219833e-02
16                                    -1.9806949940371865e-01
17                                    -2.2573009241890851e-01
18                                     1.0479471668723195e-01
19                                     1.3945456839390935e-01
20                                     2.2126137108397792e-01
21                                    -4.4520474931743692e-01
22                                     1.0886198395643731e-01
23                                    -1.5591999629576847e-01
24                                     1.1166844760816841e-01
25                                     1.4486727964889923e-02
26                                    -1.9494743840655282e-01
27                                     1.5919482095533588e-01
28                                    -5.0447727375324547e-03
29                                    -1.9704964586253482e-03
30                                    -1.0564768987176087e-01
31                                    -3.3223498019644637e-01
32                                     1.7744650635774339e-01
33                                     1.7493076220692516e-01
34                                     2.7387817472641807e-01
35                                     1.4607446781469591e-01
36                                     3.4006265512556588e-02
37                                    -1.6765933814519052e-01
38                                     1.1237525321750097e-01
39                                    -2.5046395237398844e-01
40                                     1.0054554686847106e-01
41                                     3.9415476835553065e-01
42                                    -2.7007545263256816e-01
43                                     1.1342367753335780e-01
44                                    -2.2301949301738411e-01
45                                     1.1886687871936330e-01
46                                    -2.2598252457186963e-01
47                                     1.3165636876393383e-01
48                                     1.4498697969528374e-01
49                                     1.3800525068527281e-01
50                                     1.5528795589540700e-01
51                                     1.5428561515510297e-01
52                                     2.2923646170869993e-01
53                                     8.3889878154473152e-01
54                                    -5.0105672591254091e-01
55                                    -2.1635967111278909e-01
56                                    -4.2374010494640046e-01
57                                    -4.1688040345868416e-01
58                                    -2.3563845821586682e-01
   &VA [&Type "ArrayOfDoubles", &Dim (59,1)] "Mayer's total valence"
                                                         0

0                                      3.7984512249721445e+00
1                                      9.5664213126576492e-01
2                                      9.5251598656745273e-01
3                                      3.7668996178266196e+00
4                                      9.6369609733612616e-01
5                                      9.6332554219292221e-01
6                                      3.6737805357918281e+00
7                                      9.6441849175466909e-01
8                                      9.6544869709361303e-01
9                                      3.7605954632930541e+00
10                                     9.6166535281574750e-01
11                                     9.6265265607492090e-01
12                                     3.9634499895611368e+00
13                                     3.6397409736650355e+00
14                                     9.8519645543581680e-01
15                                     3.9777394981829985e+00
16                                     3.7515085331376792e+00
17                                     3.6784345190082810e+00
18                                     9.8593261848584335e-01
19                                     9.5894522706131857e-01
20                                     3.1893285048765030e+00
21                                     1.9791934442463379e+00
22                                     9.8385522331250097e-01
23                                     3.7490058130004726e+00
24                                     9.7986830729599250e-01
25                                     3.7932299339734286e+00
26                                     3.7793789839677947e+00
27                                     9.4466997276929565e-01
28                                     3.9805949907895082e+00
29                                     3.6735889029470359e+00
30                                     3.2423552762936723e+00
31                                     3.7660263320300280e+00
32                                     9.5234526763592853e-01
33                                     9.5877588215260257e-01
34                                     3.6946198232072280e+00
35                                     4.0304371319131622e+00
36                                     3.8315150711986079e+00
37                                     3.7982310926262972e+00
38                                     9.8016086041004624e-01
39                                     3.6730558230205292e+00
40                                     9.8737063824053961e-01
41                                     3.7046997331362652e+00
42                                     3.7191756189556378e+00
43                                     9.8349474271675474e-01
44                                     3.6754169714893861e+00
45                                     9.8052835591110299e-01
46                                     3.8337550938442329e+00
47                                     9.6745724845969006e-01
48                                     9.5818959014518335e-01
49                                     9.5739250307668744e-01
50                                     1.0070070428565066e+00
51                                     9.9983532194652402e-01
52                                     3.0746744525999592e+00
53                                     3.4613918258091463e+00
54                                     3.1666383569871730e+00
55                                     3.1323384246686308e+00
56                                     2.0348719140418430e+00
57                                     2.0140114194136860e+00
58                                     2.0315200684493622e+00
   &BVA [&Type "ArrayOfDoubles", &Dim (59,1)] "Mayer's bonded valence"
                                                         0

0                                      3.7984512249721099e+00
1                                      9.5664213126575903e-01
2                                      9.5251598656744385e-01
3                                      3.7668996178266840e+00
4                                      9.6369609733614825e-01
5                                      9.6332554219293809e-01
6                                      3.6737805357918520e+00
7                                      9.6441849175467409e-01
8                                      9.6544869709362280e-01
9                                      3.7605954632931273e+00
10                                     9.6166535281575849e-01
11                                     9.6265265607493899e-01
12                                     3.9634499895611190e+00
13                                     3.6397409736650816e+00
14                                     9.8519645543582390e-01
15                                     3.9777394981829977e+00
16                                     3.7515085331376166e+00
17                                     3.6784345190082917e+00
18                                     9.8593261848584302e-01
19                                     9.5894522706132779e-01
20                                     3.1893285048764604e+00
21                                     1.9791934442463628e+00
22                                     9.8385522331248754e-01
23                                     3.7490058130004793e+00
24                                     9.7986830729600682e-01
25                                     3.7932299339733695e+00
26                                     3.7793789839678262e+00
27                                     9.4466997276929066e-01
28                                     3.9805949907893781e+00
29                                     3.6735889029470798e+00
30                                     3.2423552762937198e+00
31                                     3.7660263320300209e+00
32                                     9.5234526763592797e-01
33                                     9.5877588215259890e-01
34                                     3.6946198232071494e+00
35                                     4.0304371319130752e+00
36                                     3.8315150711986075e+00
37                                     3.7982310926263096e+00
38                                     9.8016086041004968e-01
39                                     3.6730558230204502e+00
40                                     9.8737063824049232e-01
41                                     3.7046997331362879e+00
42                                     3.7191756189557297e+00
43                                     9.8349474271677750e-01
44                                     3.6754169714893377e+00
45                                     9.8052835591108900e-01
46                                     3.8337550938442169e+00
47                                     9.6745724845968373e-01
48                                     9.5818959014518712e-01
49                                     9.5739250307668511e-01
50                                     1.0070070428565037e+00
51                                     9.9983532194651625e-01
52                                     3.0746744525999397e+00
53                                     3.4613918258091045e+00
54                                     3.1666383569870851e+00
55                                     3.1323384246686405e+00
56                                     2.0348719140418927e+00
57                                     2.0140114194136753e+00
58                                     2.0315200684494528e+00
   &FA [&Type "ArrayOfDoubles", &Dim (59,1)] "Mayer's free valence"
                                                         0

0                                      0.0000000000000000e+00
1                                      0.0000000000000000e+00
2                                      0.0000000000000000e+00
3                                      0.0000000000000000e+00
4                                      0.0000000000000000e+00
5                                      0.0000000000000000e+00
6                                      0.0000000000000000e+00
7                                      0.0000000000000000e+00
8                                      0.0000000000000000e+00
9                                      0.0000000000000000e+00
10                                     0.0000000000000000e+00
11                                     0.0000000000000000e+00
12                                     0.0000000000000000e+00
13                                     0.0000000000000000e+00
14                                     0.0000000000000000e+00
15                                     0.0000000000000000e+00
16                                     0.0000000000000000e+00
17                                     0.0000000000000000e+00
18                                     0.0000000000000000e+00
19                                     0.0000000000000000e+00
20                                     0.0000000000000000e+00
21                                     0.0000000000000000e+00
22                                     0.0000000000000000e+00
23                                     0.0000000000000000e+00
24                                     0.0000000000000000e+00
25                                     0.0000000000000000e+00
26                                     0.0000000000000000e+00
27                                     0.0000000000000000e+00
28                                     0.0000000000000000e+00
29                                     0.0000000000000000e+00
30                                     0.0000000000000000e+00
31                                     0.0000000000000000e+00
32                                     0.0000000000000000e+00
33                                     0.0000000000000000e+00
34                                     0.0000000000000000e+00
35                                     0.0000000000000000e+00
36                                     0.0000000000000000e+00
37                                     0.0000000000000000e+00
38                                     0.0000000000000000e+00
39                                     0.0000000000000000e+00
40                                     0.0000000000000000e+00
41                                     0.0000000000000000e+00
42                                     0.0000000000000000e+00
43                                     0.0000000000000000e+00
44                                     0.0000000000000000e+00
45                                     0.0000000000000000e+00
46                                     0.0000000000000000e+00
47                                     0.0000000000000000e+00
48                                     0.0000000000000000e+00
49                                     0.0000000000000000e+00
50                                     0.0000000000000000e+00
51                                     0.0000000000000000e+00
52                                     0.0000000000000000e+00
53                                     0.0000000000000000e+00
54                                     0.0000000000000000e+00
55                                     0.0000000000000000e+00
56                                     0.0000000000000000e+00
57                                     0.0000000000000000e+00
58                                     0.0000000000000000e+00
   &Method [&Type "String"] "SCF"
   &Level [&Type "String"] "Relaxed density"
   &Mult [&Type "Integer"] 1
   &State [&Type "Integer"] -1
   &Irrep [&Type "Integer"] 0
$End
$SCF_Energy
   &GeometryIndex 1
   &Method [&Type "String"] "SCF"
   &totalEnergy [&Type "ArrayOfDoubles", &Dim (1,1)] "Total energy of each state"
                                                         0

0                                     -1.5416724584493795e+03
   &Mult [&Type "ArrayOfIntegers", &Dim (1,1)] "Multiplicity of each state"
                                                         0

0                                                        1
$End
$DFT_Energy
   &GeometryIndex 1
   &nAlphaEl [&Type "Integer"] 121
   &nBetaEl [&Type "Integer"] 121
   &nTotalEl [&Type "Integer"] 242
   &finalEn [&Type "Double"]      -1.5416724584493795e+03  "No Van der Waals correction"
   &eExchange [&Type "Double"]      -2.0722571466116966e+02
   &eCorr [&Type "Double"]      -8.0346220217211375e+00
   &eXC [&Type "Double"]      -2.1526033668289080e+02
   &eCNL [&Type "Double"]       0.0000000000000000e+00
$End
$SCF_Timings
   &GeometryIndex 1
   &TOTAL [&Type "Double"]       1.6261100000000002e+02
   &PREP [&Type "Double"]       4.5599999999999996e-01
   &FOCK [&Type "Double"]       1.4806399999999996e+02
   &DENS [&Type "Double"]       8.4499999999999886e-01
   &ETOT [&Type "Double"]       3.3400000000002095e-01
   &POP [&Type "Double"]       4.2500000000001137e-01
   &TRAFO [&Type "Double"]       7.1099999999999497e-01
   &DIIS [&Type "Double"]       2.6959999999999980e+00
   &SOSCF [&Type "Double"]       3.0410000000000039e+00
   &XC [&Type "Double"]       1.1169800000000001e+02
   &FOCKSTART [&Type "Double"]       1.3799999999993717e-01
   &INT_BF [&Type "Double"]       1.7517000000000124e+01
   &INT_DENS [&Type "Double"]       3.9306000000000495e+01
   &INT_DENSIO [&Type "Double"]       1.8293969719999998e+06
   &INT_FUNC [&Type "Double"]       3.7949999999998525e+00
   &INT_POT [&Type "Double"]       4.3361999999999711e+01
   &INT_POTIO [&Type "Double"]       1.3939999999999642e+00
   &INT_SUM [&Type "Double"]       4.9999999999812417e-03
   &SPLITRIJ [&Type "Double"]       4.1544000000000025e+01
$End
$VdW_Correction
   &GeometryIndex 1
   &vdW [&Type "Double"]      -2.9877216970524107e-02
$End
$gCP_Energy
   &GeometryIndex 1
   &gCP_Energy [&Type "Double"]       4.1702030299999998e-02
$End
$Single_Point_Data
   &GeometryIndex 1
   &FinalEnergy [&Type "Double"]      -1.5416606336360501e+03  "Final single point energy"
   &Converged [&Type "Boolean"] true
$End
$Calculation_Info
   &GeometryIndex 1
   &Mult [&Type "Integer"] 1
   &Charge [&Type "Integer"] 0
   &NumOfAtoms [&Type "Integer"] 59
   &NumOfElectrons [&Type "Integer"] 242
   &NumOfBasisFuncts [&Type "Integer"] 816
   &NumOfAuxCBasisFuncts [&Type "Integer"] 0
   &NumOfAuxJBasisFuncts [&Type "Integer"] 1295
   &NumOfAuxJKBasisFuncts [&Type "Integer"] 0
   &NumOfCABSBasisFuncts [&Type "Integer"] 0
$End
$SCF_Dipole_Moment
   &GeometryIndex 1
   &dipoleMagnitude [&Type "Double", &Units "a.u."]       1.8309415974668442e+00
   &dipoleElecContrib [&Type "ArrayOfDoubles", &Dim (3,1)] "Electronic contribution"
                                                         0

0                                      1.0097286445130166e+01
1                                      1.4808427560706381e+01
2                                     -2.5432349576265395e+01
   &dipoleNucContrib [&Type "ArrayOfDoubles", &Dim (3,1)] "Nuclear contribution"
                                                         0

0                                     -1.0516630867754792e+01
1                                     -1.4788494670534874e+01
2                                      2.7214511204299583e+01
   &dipoleTotal [&Type "ArrayOfDoubles", &Dim (3,1)] "Total"
                                                         0

0                                     -4.1934442262462568e-01
1                                      1.9932890171507012e-02
2                                      1.7821616280341885e+00
   &doAtomicDipole [&Type "Boolean"] false
   &Method [&Type "String"] "SCF"
   &Level [&Type "String"] "Relaxed density"
   &Mult [&Type "Integer"] 1
   &State [&Type "Integer"] -1
   &Irrep [&Type "Integer"] 0
$End
$Calculation_Timings
   &GeometryIndex 1
   &GTOINT [&Type "Double"]       5.3840000000000003e+00
   &SCF [&Type "Double"]       1.7053700000000001e+02
   &PROP [&Type "Double"]       6.2500000000000000e-01
   &SUM [&Type "Double"]       1.7654599999999999e+02
$End
