*************************************************
******************* ORCA 6.1.1 ******************
*************************************************
$Calculation_Status
   &GeometryIndex 1
   &version [&Type "String"] "6.1.1"
   &progName [&Type "String"] "LeanSCF"
   &Status [&Type "String"] "NORMAL TERMINATION"
$End
$Geometry
   &GeometryIndex 1
   &NAtoms [&Type "Integer"] 59
   &NCorelessECP [&Type "Integer"] 0
   &NGhostAtoms [&Type "Integer"] 0
   &CartesianCoordinates [&Type "Coordinates", &Dim(59,4), &Units "Bohr"] 
              H     25.366040297016   52.093591461656   40.753652012492
              C     23.140683173675   51.308852448927   43.721581007479
              H     23.923482023479   49.794306154360   44.148798670020
              C     21.115396004859   52.155585836103   45.107288419852
              C     20.716090050850   51.984251151657   49.773979957708
              H     22.410973987520   51.588742696801   50.347468394549
              C     19.842645781613   48.245492926684   47.085214062875
              C     19.442465810370   47.024962185999   49.551600822412
              C     18.818991887410   48.291007793202   51.712364914413
              C     18.828242323603   51.104035559046   51.742986641400
              H     17.156417033088   51.745690499346   51.349363679690
              H     19.311328529869   51.716916735546   53.400722001579
              C     18.284870433260   46.402925721017   53.474154699342
              C     17.394773538284   46.730946632117   56.104947424660
              C     19.851777731978   42.388462519125   48.478056627595
              C     21.928484235514   42.478707505589   46.913970236462
              H     22.976090011623   43.890452981930   46.925564877923
              C     22.456097945290   40.477623023130   45.332343237278
              H     23.855291180348   40.539617397577   44.273663968381
              C     20.913354782517   38.389955654483   45.322829694515
              C     18.873697342494   38.277999566672   46.955592002582
              H     17.864057147073   36.840880850915   46.990970491501
              C     18.330680304925   40.267574539831   48.521164890087
              H     16.948203077022   40.191716435267   49.604222627666
              C     23.127303383523   36.560205856470   41.890520741084
              H     23.094260218161   35.083065462402   40.836895525835
              H     22.829606718722   38.033684150263   40.875544318109
              H     24.751384648778   36.694396235205   42.689063995351
              H     16.967813105264   44.745818505804   59.117768470226
              H     18.175450962634   43.403914794038   57.030734348806
              N     20.284392150001   50.784908360536   47.296295867321
              N     19.273340914974   44.499933615149   50.056413342320
              N     18.591202995316   44.098147244411   52.480583752307
              N     17.470432427919   44.678592537939   57.552790166152
              O     19.628858966487   47.167523106645   45.071315328605
              O     16.595440435185   48.778592284659   56.794382181633
              O     21.223714218684   36.365067425751   43.763202773599
              C     22.208736876168   56.907965304748   36.888476702748
              H     20.896944873202   58.073302738651   37.423910968540
              H     21.394489317427   55.334563584227   36.419042671759
              C     23.470375642027   57.958207683451   34.651901541467
              H     24.300846934265   56.595377598011   33.746330888605
              H     22.204274250109   58.674935981743   33.538222076901
              C     25.353540344455   59.917439418564   35.256308997010
              H     26.218214697060   60.419672386710   33.719574048405
              H     24.496372758842   61.392748762494   35.928500475443
              C     27.248410369604   59.005049518872   37.135234306727
              H     28.483550242880   57.976518260414   36.255528618918
              H     28.131410662646   60.458909337347   37.816344725594
              C     26.210030312071   57.497565886758   39.296593001056
              C     20.849437914086   55.794159058456   42.444090179460
              H     20.071066201284   57.312105896304   42.017169808634
              C     22.903822046563   54.959196756471   41.078599057268
              C     24.014485829472   52.692870483931   41.704114697035
              C     19.943625886504   54.383721480470   44.441637510336
              H     18.539446476762   54.939578281153   45.340964885997
              H     20.591528242506   53.804322509405   49.592330694489
              N     23.904704344010   56.430059253555   39.031105603268
              O     27.447358374826   57.230231451750   41.241221234962
$End
$SCF_Mulliken_Population_Analysis
   &GeometryIndex 1
   &NAtoms [&Type "Integer"] 59
   &ATNO [&Type "ArrayOfIntegers", &Dim (59,1)] 
                                                         0

0                                                        1
1                                                        6
2                                                        1
3                                                        6
4                                                        6
5                                                        1
6                                                        6
7                                                        6
8                                                        6
9                                                        6
10                                                       1
11                                                       1
12                                                       6
13                                                       6
14                                                       6
15                                                       6
16                                                       1
17                                                       6
18                                                       1
19                                                       6
20                                                       6
21                                                       1
22                                                       6
23                                                       1
24                                                       6
25                                                       1
26                                                       1
27                                                       1
28                                                       1
29                                                       1
30                                                       7
31                                                       7
32                                                       7
33                                                       7
34                                                       8
35                                                       8
36                                                       8
37                                                       6
38                                                       1
39                                                       1
40                                                       6
41                                                       1
42                                                       1
43                                                       6
44                                                       1
45                                                       1
46                                                       6
47                                                       1
48                                                       1
49                                                       6
50                                                       6
51                                                       1
52                                                       6
53                                                       6
54                                                       6
55                                                       1
56                                                       1
57                                                       7
58                                                       8
   &AtomicCharges [&Type "ArrayOfDoubles", &Dim (59,1)] 
                                                         0

0                                      1.0886527497718390e-01
1                                     -1.5592515665843365e-01
2                                      1.1167193680831322e-01
3                                      1.4500737380065409e-02
4                                     -1.9495284135482027e-01
5                                      1.5919849030561983e-01
6                                     -4.9756524825967929e-03
7                                     -2.0631428156860920e-03
8                                     -1.0562058139390196e-01
9                                     -3.3226816991379238e-01
10                                     1.7744964186481504e-01
11                                     1.7493578456095760e-01
12                                     2.7389552816610596e-01
13                                     1.4609175852443101e-01
14                                     3.4028886769135624e-02
15                                    -1.6767380593165182e-01
16                                     1.1237752489642039e-01
17                                    -2.5044116247303183e-01
18                                     1.0054809750578064e-01
19                                     3.9415332154070182e-01
20                                    -2.7007877112274592e-01
21                                     1.1342634691378528e-01
22                                    -2.2305205560721131e-01
23                                     1.1886887475834107e-01
24                                    -2.2598942757136076e-01
25                                     1.3165828459656626e-01
26                                     1.4498975148512538e-01
27                                     1.3800803128244654e-01
28                                     1.5529097888172150e-01
29                                     1.5428725952678457e-01
30                                     2.2922814243174638e-01
31                                     8.3885177920095799e-01
32                                    -5.0102453815517567e-01
33                                    -2.1637753339958721e-01
34                                    -4.2372825373867329e-01
35                                    -4.1687770052070405e-01
36                                    -2.3564127387540168e-01
37                                    -1.5766472704811374e-01
38                                     1.3339815241065578e-01
39                                     1.4169155636866215e-01
40                                    -2.6291460313904569e-01
41                                     1.4734250359407097e-01
42                                     1.3736020507737567e-01
43                                    -2.3112263069803873e-01
44                                     1.3630274470355852e-01
45                                     1.3979811116405993e-01
46                                    -2.8188042379908573e-01
47                                     1.6210687203105878e-01
48                                     1.6153893898115701e-01
49                                     2.2424589213198765e-01
50                                    -1.6833903908743064e-01
51                                     1.0333327376117651e-01
52                                    -8.7364432179493079e-02
53                                    -1.9806743204194888e-01
54                                    -2.2574077902379308e-01
55                                     1.0479816865489699e-01
56                                     1.3945923159791551e-01
57                                     2.2128000840236428e-01
58                                    -4.4519795722436051e-01
   &Method [&Type "String"] "SCF"
   &Level [&Type "String"] "Relaxed density"
   &Mult [&Type "Integer"] 1
   &State [&Type "Integer"] -1
   &Irrep [&Type "Integer"] 0
$End
$SCF_Loewdin_Population_Analysis
   &GeometryIndex 1
   &NAtoms [&Type "Integer"] 59
   &ATNO [&Type "ArrayOfIntegers", &Dim (59,1)] 
                                                         0

0                                                        1
1                                                        6
2                                                        1
3                                                        6
4                                                        6
5                                                        1
6                                                        6
7                                                        6
8                                                        6
9                                                        6
10                                                       1
11                                                       1
12                                                       6
13                                                       6
14                                                       6
15                                                       6
16                                                       1
17                                                       6
18                                                       1
19                                                       6
20                                                       6
21                                                       1
22                                                       6
23                                                       1
24                                                       6
25                                                       1
26                                                       1
27                                                       1
28                                                       1
29                                                       1
30                                                       7
31                                                       7
32                                                       7
33                                                       7
34                                                       8
35                                                       8
36                                                       8
37                                                       6
38                                                       1
39                                                       1
40                                                       6
41                                                       1
42                                                       1
43                                                       6
44                                                       1
45                                                       1
46                                                       6
47                                                       1
48                                                       1
49                                                       6
50                                                       6
51                                                       1
52                                                       6
53                                                       6
54                                                       6
55                                                       1
56                                                       1
57                                                       7
58                                                       8
   &AtomicCharges [&Type "ArrayOfDoubles", &Dim (59,1)] 
                                                         0

0                                      1.4981668668142989e-01
1                                     -6.6275398759751525e-02
2                                      1.5006873828456357e-01
3                                      1.6329138881487815e-01
4                                      2.4530367075857207e-02
5                                      1.6769762638401442e-01
6                                      3.8470194979001171e-01
7                                      2.4853290733684297e-01
8                                      3.5197297829181906e-02
9                                     -1.9334484652795680e-01
10                                     1.6002008600811035e-01
11                                     1.6340892940040308e-01
12                                     2.1976840855534796e-01
13                                     3.6235096409780887e-01
14                                     1.8315584775951077e-01
15                                    -5.2484707564829591e-02
16                                     1.5112264736828951e-01
17                                    -1.3600145880588421e-01
18                                     1.4379472102221669e-01
19                                     2.0736888279458920e-01
20                                    -9.6813091794173189e-02
21                                     1.4925607576595457e-01
22                                    -6.6777118092596233e-02
23                                     1.5117607785434417e-01
24                                    -2.1134271749907008e-02
25                                     1.5972585542606210e-01
26                                     1.5509311661706748e-01
27                                     1.5198003969821916e-01
28                                     1.9465606348995035e-01
29                                     1.6124809950106100e-01
30                                    -7.3104341034523657e-01
31                                    -5.6395505195484574e-01
32                                    -3.2484290923272852e-01
33                                    -3.2412465513838296e-01
34                                    -4.3216616095054583e-01
35                                    -4.5260492721765466e-01
36                                    -6.6011281706475522e-01
37                                     8.6315357085986477e-03
38                                     1.6133497295922328e-01
39                                     1.7018291180842771e-01
40                                    -2.3737911439083081e-01
41                                     1.4435154763423830e-01
42                                     1.4689486941238994e-01
43                                    -2.5570240086270868e-01
44                                     1.4210615117682590e-01
45                                     1.4202401935346098e-01
46                                    -1.9995123397392067e-01
47                                     1.6122703427256568e-01
48                                     1.6264614900890728e-01
49                                     3.6217206701592719e-01
50                                    -8.8148053439490504e-02
51                                     1.4440175343895234e-01
52                                     1.6326251279732418e-01
53                                    -6.2104730317463108e-02
54                                    -9.0875487296889546e-02
55                                     1.4550669504101799e-01
56                                     1.7328910830854283e-01
57                                    -7.4374953927973664e-01
58                                    -4.6640272073202560e-01
   &Method [&Type "String"] "SCF"
   &Level [&Type "String"] "Relaxed density"
   &Mult [&Type "Integer"] 1
   &State [&Type "Integer"] -1
   &Irrep [&Type "Integer"] 0
$End
$SCF_Mayer_Population_Analysis
   &GeometryIndex 1
   &NAtoms [&Type "Integer"] 59 "Total number of atoms"
   &NBondOrdersPrint [&Type "Integer"] 66 "The number of bond orders larger than threshold"
   &bondThresh [&Type "Double"]       1.0000000000000001e-01  "The threshold for printing"
   &components [&Type "ArrayOfIntegers", &Dim (66,4)] "The indices and atomic numbers of the bonding atoms"
                                                         0                           1                           2                           3

0                                                        0                           1                          53                           6
1                                                        1                           6                           2                           1
2                                                        1                           6                           3                           6
3                                                        1                           6                          53                           6
4                                                        3                           6                          30                           7
5                                                        3                           6                          52                           6
6                                                        3                           6                          54                           6
7                                                        4                           6                           5                           1
8                                                        4                           6                           9                           6
9                                                        4                           6                          30                           7
10                                                       4                           6                          56                           1
11                                                       6                           6                           7                           6
12                                                       6                           6                          30                           7
13                                                       6                           6                          34                           8
14                                                       7                           6                           8                           6
15                                                       7                           6                          31                           7
16                                                       7                           6                          32                           7
17                                                       8                           6                           9                           6
18                                                       8                           6                          12                           6
19                                                       8                           6                          32                           7
20                                                       9                           6                          10                           1
21                                                       9                           6                          11                           1
22                                                      12                           6                          13                           6
23                                                      12                           6                          32                           7
24                                                      13                           6                          33                           7
25                                                      13                           6                          35                           8
26                                                      14                           6                          15                           6
27                                                      14                           6                          22                           6
28                                                      14                           6                          31                           7
29                                                      15                           6                          16                           1
30                                                      15                           6                          17                           6
31                                                      17                           6                          18                           1
32                                                      17                           6                          19                           6
33                                                      19                           6                          20                           6
34                                                      19                           6                          36                           8
35                                                      20                           6                          21                           1
36                                                      20                           6                          22                           6
37                                                      22                           6                          23                           1
38                                                      24                           6                          25                           1
39                                                      24                           6                          26                           1
40                                                      24                           6                          27                           1
41                                                      24                           6                          36                           8
42                                                      28                           1                          33                           7
43                                                      29                           1                          33                           7
44                                                      31                           7                          32                           7
45                                                      37                           6                          38                           1
46                                                      37                           6                          39                           1
47                                                      37                           6                          40                           6
48                                                      37                           6                          57                           7
49                                                      40                           6                          41                           1
50                                                      40                           6                          42                           1
51                                                      40                           6                          43                           6
52                                                      43                           6                          44                           1
53                                                      43                           6                          45                           1
54                                                      43                           6                          46                           6
55                                                      46                           6                          47                           1
56                                                      46                           6                          48                           1
57                                                      46                           6                          49                           6
58                                                      49                           6                          57                           7
59                                                      49                           6                          58                           8
60                                                      50                           6                          51                           1
61                                                      50                           6                          52                           6
62                                                      50                           6                          54                           6
63                                                      52                           6                          53                           6
64                                                      52                           6                          57                           7
65                                                      54                           6                          55                           1
   &BondOrders [&Type "ArrayOfDoubles", &Dim (66,1)] "The bond orders"
                                                         0

0                                      9.9472300324455465e-01
1                                      9.7763845528264848e-01
2                                      1.4558161396015832e+00
3                                      1.2778315615637654e+00
4                                      8.6886595427191193e-01
5                                      1.3342293608058886e-01
6                                      1.3846596842446350e+00
7                                      9.5907223100650740e-01
8                                      9.2607399059000961e-01
9                                      8.8649340823820511e-01
10                                     9.4553108431609345e-01
11                                     9.1473556879350437e-01
12                                     1.1874525932739268e+00
13                                     1.8840058026719437e+00
14                                     1.2447204312340423e+00
15                                     1.2923651678024513e+00
16                                     2.7960460763675454e-01
17                                     8.6424265551769319e-01
18                                     1.2208608839008290e+00
19                                    -1.6790699898417141e-01
20                                     9.9967963260403436e-01
21                                     1.0069801684248985e+00
22                                     9.9440651383145795e-01
23                                     1.4777118585920810e+00
24                                     1.0057255046982099e+00
25                                     1.9523344626687078e+00
26                                     1.4372488216358654e+00
27                                     1.3334045401870216e+00
28                                     8.9760125372924482e-01
29                                     9.7763898418814765e-01
30                                     1.3038315319055229e+00
31                                     9.6540587829554525e-01
32                                     1.3329667601449708e+00
33                                     1.3535436405427499e+00
34                                     1.0523192347072561e+00
35                                     1.0175190545020603e+00
36                                     1.2903274569493626e+00
37                                     1.0094215849501731e+00
38                                     9.6378876744382691e-01
39                                     9.8380458317125574e-01
40                                     9.8322194388879336e-01
41                                     9.0467235265873192e-01
42                                     1.0148683652105341e+00
43                                     1.0228144332222060e+00
44                                     1.2200245274597510e+00
45                                     9.5708842729491983e-01
46                                     9.5232391973788999e-01
47                                     9.4787933933917645e-01
48                                     9.5096864456063879e-01
49                                     1.0061200438733691e+00
50                                     9.6809365147421433e-01
51                                     9.1653770072691321e-01
52                                     9.7634357841597708e-01
53                                     9.9329877515411358e-01
54                                     9.1218662436876197e-01
55                                     9.6186685970259755e-01
56                                     9.6834991637819168e-01
57                                     9.3873494261854473e-01
58                                     1.1941929303294943e+00
59                                     1.7924774640392973e+00
60                                     9.9267035366233158e-01
61                                     1.3994317755297943e+00
62                                     1.2538513038931449e+00
63                                     1.4479283691198650e+00
64                                     9.9197737575231182e-01
65                                     1.0182420489015889e+00
   &ATNO [&Type "ArrayOfIntegers", &Dim (59,1)] "Atomic number of the elements"
                                                         0

0                                                        1
1                                                        6
2                                                        1
3                                                        6
4                                                        6
5                                                        1
6                                                        6
7                                                        6
8                                                        6
9                                                        6
10                                                       1
11                                                       1
12                                                       6
13                                                       6
14                                                       6
15                                                       6
16                                                       1
17                                                       6
18                                                       1
19                                                       6
20                                                       6
21                                                       1
22                                                       6
23                                                       1
24                                                       6
25                                                       1
26                                                       1
27                                                       1
28                                                       1
29                                                       1
30                                                       7
31                                                       7
32                                                       7
33                                                       7
34                                                       8
35                                                       8
36                                                       8
37                                                       6
38                                                       1
39                                                       1
40                                                       6
41                                                       1
42                                                       1
43                                                       6
44                                                       1
45                                                       1
46                                                       6
47                                                       1
48                                                       1
49                                                       6
50                                                       6
51                                                       1
52                                                       6
53                                                       6
54                                                       6
55                                                       1
56                                                       1
57                                                       7
58                                                       8
   &NA [&Type "ArrayOfDoubles", &Dim (59,1)] "Mulliken gross atomic population"
                                                         0

0                                      8.9113472502281521e-01
1                                      6.1559251566584265e+00
2                                      8.8832806319168622e-01
3                                      5.9854992626199381e+00
4                                      6.1949528413548141e+00
5                                      8.4080150969438006e-01
6                                      6.0049756524825959e+00
7                                      6.0020631428156879e+00
8                                      6.1056205813939037e+00
9                                      6.3322681699137995e+00
10                                     8.2255035813518529e-01
11                                     8.2506421543904207e-01
12                                     5.7261044718338905e+00
13                                     5.8539082414755725e+00
14                                     5.9659711132308715e+00
15                                     6.1676738059316492e+00
16                                     8.8762247510357917e-01
17                                     6.2504411624730309e+00
18                                     8.9945190249421858e-01
19                                     5.6058466784592982e+00
20                                     6.2700787711227441e+00
21                                     8.8657365308621516e-01
22                                     6.2230520556072184e+00
23                                     8.8113112524165949e-01
24                                     6.2259894275713661e+00
25                                     8.6834171540343441e-01
26                                     8.5501024851487506e-01
27                                     8.6199196871755368e-01
28                                     8.4470902111827917e-01
29                                     8.4571274047321565e-01
30                                     6.7707718575682456e+00
31                                     6.1611482207990367e+00
32                                     7.5010245381551783e+00
33                                     7.2163775333995890e+00
34                                     8.4237282537386911e+00
35                                     8.4168777005207058e+00
36                                     8.2356412738753964e+00
37                                     6.1576647270481164e+00
38                                     8.6660184758934422e-01
39                                     8.5830844363133818e-01
40                                     6.2629146031390475e+00
41                                     8.5265749640592903e-01
42                                     8.6263979492262433e-01
43                                     6.2311226306980370e+00
44                                     8.6369725529644181e-01
45                                     8.6020188883594007e-01
46                                     6.2818804237990875e+00
47                                     8.3789312796894044e-01
48                                     8.3846106101884343e-01
49                                     5.7757541078680106e+00
50                                     6.1683390390874298e+00
51                                     8.9666672623882360e-01
52                                     6.0873644321794949e+00
53                                     6.1980674320419578e+00
54                                     6.2257407790237869e+00
55                                     8.9520183134510312e-01
56                                     8.6054076840208449e-01
57                                     6.7787199915976419e+00
58                                     8.4451979572243552e+00
   &ZA [&Type "ArrayOfDoubles", &Dim (59,1)] "Total nuclear charge"
                                                         0

0                                      1.0000000000000000e+00
1                                      6.0000000000000000e+00
2                                      1.0000000000000000e+00
3                                      6.0000000000000000e+00
4                                      6.0000000000000000e+00
5                                      1.0000000000000000e+00
6                                      6.0000000000000000e+00
7                                      6.0000000000000000e+00
8                                      6.0000000000000000e+00
9                                      6.0000000000000000e+00
10                                     1.0000000000000000e+00
11                                     1.0000000000000000e+00
12                                     6.0000000000000000e+00
13                                     6.0000000000000000e+00
14                                     6.0000000000000000e+00
15                                     6.0000000000000000e+00
16                                     1.0000000000000000e+00
17                                     6.0000000000000000e+00
18                                     1.0000000000000000e+00
19                                     6.0000000000000000e+00
20                                     6.0000000000000000e+00
21                                     1.0000000000000000e+00
22                                     6.0000000000000000e+00
23                                     1.0000000000000000e+00
24                                     6.0000000000000000e+00
25                                     1.0000000000000000e+00
26                                     1.0000000000000000e+00
27                                     1.0000000000000000e+00
28                                     1.0000000000000000e+00
29                                     1.0000000000000000e+00
30                                     7.0000000000000000e+00
31                                     7.0000000000000000e+00
32                                     7.0000000000000000e+00
33                                     7.0000000000000000e+00
34                                     8.0000000000000000e+00
35                                     8.0000000000000000e+00
36                                     8.0000000000000000e+00
37                                     6.0000000000000000e+00
38                                     1.0000000000000000e+00
39                                     1.0000000000000000e+00
40                                     6.0000000000000000e+00
41                                     1.0000000000000000e+00
42                                     1.0000000000000000e+00
43                                     6.0000000000000000e+00
44                                     1.0000000000000000e+00
45                                     1.0000000000000000e+00
46                                     6.0000000000000000e+00
47                                     1.0000000000000000e+00
48                                     1.0000000000000000e+00
49                                     6.0000000000000000e+00
50                                     6.0000000000000000e+00
51                                     1.0000000000000000e+00
52                                     6.0000000000000000e+00
53                                     6.0000000000000000e+00
54                                     6.0000000000000000e+00
55                                     1.0000000000000000e+00
56                                     1.0000000000000000e+00
57                                     7.0000000000000000e+00
58                                     8.0000000000000000e+00
   &QA [&Type "ArrayOfDoubles", &Dim (59,1)] "Mulliken gross atomic charge"
                                                         0

0                                      1.0886527497718479e-01
1                                     -1.5592515665842654e-01
2                                      1.1167193680831378e-01
3                                      1.4500737380061857e-02
4                                     -1.9495284135481405e-01
5                                      1.5919849030561994e-01
6                                     -4.9756524825959048e-03
7                                     -2.0631428156878684e-03
8                                     -1.0562058139390373e-01
9                                     -3.3226816991379948e-01
10                                     1.7744964186481471e-01
11                                     1.7493578456095793e-01
12                                     2.7389552816610951e-01
13                                     1.4609175852442746e-01
14                                     3.4028886769128519e-02
15                                    -1.6767380593164916e-01
16                                     1.1237752489642083e-01
17                                    -2.5044116247303094e-01
18                                     1.0054809750578142e-01
19                                     3.9415332154070182e-01
20                                    -2.7007877112274414e-01
21                                     1.1342634691378484e-01
22                                    -2.2305205560721841e-01
23                                     1.1886887475834051e-01
24                                    -2.2598942757136609e-01
25                                     1.3165828459656559e-01
26                                     1.4498975148512494e-01
27                                     1.3800803128244632e-01
28                                     1.5529097888172083e-01
29                                     1.5428725952678435e-01
30                                     2.2922814243175438e-01
31                                     8.3885177920096332e-01
32                                    -5.0102453815517833e-01
33                                    -2.1637753339958898e-01
34                                    -4.2372825373869105e-01
35                                    -4.1687770052070583e-01
36                                    -2.3564127387539635e-01
37                                    -1.5766472704811640e-01
38                                     1.3339815241065578e-01
39                                     1.4169155636866182e-01
40                                    -2.6291460313904746e-01
41                                     1.4734250359407097e-01
42                                     1.3736020507737567e-01
43                                    -2.3112263069803696e-01
44                                     1.3630274470355819e-01
45                                     1.3979811116405993e-01
46                                    -2.8188042379908751e-01
47                                     1.6210687203105956e-01
48                                     1.6153893898115657e-01
49                                     2.2424589213198942e-01
50                                    -1.6833903908742975e-01
51                                     1.0333327376117640e-01
52                                    -8.7364432179494855e-02
53                                    -1.9806743204195776e-01
54                                    -2.2574077902378686e-01
55                                     1.0479816865489688e-01
56                                     1.3945923159791551e-01
57                                     2.2128000840235806e-01
58                                    -4.4519795722435518e-01
   &VA [&Type "ArrayOfDoubles", &Dim (59,1)] "Mayer's total valence"
                                                         0

0                                      9.8385451933034318e-01
1                                      3.7490124496309494e+00
2                                      9.7986826516701797e-01
3                                      3.7932249568275820e+00
4                                      3.7793817357190314e+00
5                                      9.4466860955782361e-01
6                                      3.9806380144497444e+00
7                                      3.6736459418775347e+00
8                                      3.2423340686546132e+00
9                                      3.7660231603355694e+00
10                                     9.5234390631405896e-01
11                                     9.5877477754955520e-01
12                                     3.6946745726656496e+00
13                                     4.0304339049589615e+00
14                                     3.8314947612072436e+00
15                                     3.7982703021058599e+00
16                                     9.8016054169642208e-01
17                                     3.6730638451554123e+00
18                                     9.8736987741464022e-01
19                                     3.7047073028268565e+00
20                                     3.7191369770704932e+00
21                                     9.8349433272537612e-01
22                                     3.6753834567640018e+00
23                                     9.8052845393327748e-01
24                                     3.8337525422448824e+00
25                                     9.6745679118449823e-01
26                                     9.5818891841448650e-01
27                                     9.5739186902401940e-01
28                                     1.0070065938786417e+00
29                                     9.9983574918370000e-01
30                                     3.0746720717698448e+00
31                                     3.4614222440332156e+00
32                                     3.1666618028402294e+00
33                                     3.1323271510365274e+00
34                                     2.0348867629864476e+00
35                                     2.0140159652904082e+00
36                                     2.0315188189070135e+00
37                                     3.7984536908567059e+00
38                                     9.5664156899469976e-01
39                                     9.5251521674768291e-01
40                                     3.7668979723837230e+00
41                                     9.6369532466611074e-01
42                                     9.6332478473999672e-01
43                                     3.6737881979696079e+00
44                                     9.6441802681673228e-01
45                                     9.6544839634832957e-01
46                                     3.7606116888019474e+00
47                                     9.6166458907618824e-01
48                                     9.6265193926244141e-01
49                                     3.9634500155331684e+00
50                                     3.6397313166824312e+00
51                                     9.8519633383115224e-01
52                                     3.9777551606568560e+00
53                                     3.7515377869130084e+00
54                                     3.6784100613503798e+00
55                                     9.8593213028900895e-01
56                                     9.5894472487350968e-01
57                                     3.1893059646549320e+00
58                                     1.9791991588011504e+00
   &BVA [&Type "ArrayOfDoubles", &Dim (59,1)] "Mayer's bonded valence"
                                                         0

0                                      9.8385451933030554e-01
1                                      3.7490124496308663e+00
2                                      9.7986826516700598e-01
3                                      3.7932249568274816e+00
4                                      3.7793817357190354e+00
5                                      9.4466860955782073e-01
6                                      3.9806380144497564e+00
7                                      3.6736459418774916e+00
8                                      3.2423340686545692e+00
9                                      3.7660231603355458e+00
10                                     9.5234390631404620e-01
11                                     9.5877477754955787e-01
12                                     3.6946745726655803e+00
13                                     4.0304339049589828e+00
14                                     3.8314947612072960e+00
15                                     3.7982703021060367e+00
16                                     9.8016054169645228e-01
17                                     3.6730638451553932e+00
18                                     9.8736987741463045e-01
19                                     3.7047073028269502e+00
20                                     3.7191369770706246e+00
21                                     9.8349433272539688e-01
22                                     3.6753834567641714e+00
23                                     9.8052845393331911e-01
24                                     3.8337525422449032e+00
25                                     9.6745679118450234e-01
26                                     9.5818891841448572e-01
27                                     9.5739186902402174e-01
28                                     1.0070065938786474e+00
29                                     9.9983574918370244e-01
30                                     3.0746720717698341e+00
31                                     3.4614222440332023e+00
32                                     3.1666618028400793e+00
33                                     3.1323271510365842e+00
34                                     2.0348867629864973e+00
35                                     2.0140159652904668e+00
36                                     2.0315188189070845e+00
37                                     3.7984536908567210e+00
38                                     9.5664156899468833e-01
39                                     9.5251521674767914e-01
40                                     3.7668979723836857e+00
41                                     9.6369532466609453e-01
42                                     9.6332478473999261e-01
43                                     3.6737881979695759e+00
44                                     9.6441802681672251e-01
45                                     9.6544839634832136e-01
46                                     3.7606116888019128e+00
47                                     9.6166458907617569e-01
48                                     9.6265193926244008e-01
49                                     3.9634500155331511e+00
50                                     3.6397313166824850e+00
51                                     9.8519633383117688e-01
52                                     3.9777551606568440e+00
53                                     3.7515377869128788e+00
54                                     3.6784100613503727e+00
55                                     9.8593213028900129e-01
56                                     9.5894472487350957e-01
57                                     3.1893059646549702e+00
58                                     1.9791991588011708e+00
   &FA [&Type "ArrayOfDoubles", &Dim (59,1)] "Mayer's free valence"
                                                         0

0                                      0.0000000000000000e+00
1                                      0.0000000000000000e+00
2                                      0.0000000000000000e+00
3                                      0.0000000000000000e+00
4                                      0.0000000000000000e+00
5                                      0.0000000000000000e+00
6                                      0.0000000000000000e+00
7                                      0.0000000000000000e+00
8                                      0.0000000000000000e+00
9                                      0.0000000000000000e+00
10                                     0.0000000000000000e+00
11                                     0.0000000000000000e+00
12                                     0.0000000000000000e+00
13                                     0.0000000000000000e+00
14                                     0.0000000000000000e+00
15                                     0.0000000000000000e+00
16                                     0.0000000000000000e+00
17                                     0.0000000000000000e+00
18                                     0.0000000000000000e+00
19                                     0.0000000000000000e+00
20                                     0.0000000000000000e+00
21                                     0.0000000000000000e+00
22                                     0.0000000000000000e+00
23                                     0.0000000000000000e+00
24                                     0.0000000000000000e+00
25                                     0.0000000000000000e+00
26                                     0.0000000000000000e+00
27                                     0.0000000000000000e+00
28                                     0.0000000000000000e+00
29                                     0.0000000000000000e+00
30                                     0.0000000000000000e+00
31                                     0.0000000000000000e+00
32                                     0.0000000000000000e+00
33                                     0.0000000000000000e+00
34                                     0.0000000000000000e+00
35                                     0.0000000000000000e+00
36                                     0.0000000000000000e+00
37                                     0.0000000000000000e+00
38                                     0.0000000000000000e+00
39                                     0.0000000000000000e+00
40                                     0.0000000000000000e+00
41                                     0.0000000000000000e+00
42                                     0.0000000000000000e+00
43                                     0.0000000000000000e+00
44                                     0.0000000000000000e+00
45                                     0.0000000000000000e+00
46                                     0.0000000000000000e+00
47                                     0.0000000000000000e+00
48                                     0.0000000000000000e+00
49                                     0.0000000000000000e+00
50                                     0.0000000000000000e+00
51                                     0.0000000000000000e+00
52                                     0.0000000000000000e+00
53                                     0.0000000000000000e+00
54                                     0.0000000000000000e+00
55                                     0.0000000000000000e+00
56                                     0.0000000000000000e+00
57                                     0.0000000000000000e+00
58                                     0.0000000000000000e+00
   &Method [&Type "String"] "SCF"
   &Level [&Type "String"] "Relaxed density"
   &Mult [&Type "Integer"] 1
   &State [&Type "Integer"] -1
   &Irrep [&Type "Integer"] 0
$End
$SCF_Energy
   &GeometryIndex 1
   &Method [&Type "String"] "SCF"
   &totalEnergy [&Type "ArrayOfDoubles", &Dim (1,1)] "Total energy of each state"
                                                         0

0                                     -1.5416724584789135e+03
   &Mult [&Type "ArrayOfIntegers", &Dim (1,1)] "Multiplicity of each state"
                                                         0

0                                                        1
$End
$DFT_Energy
   &GeometryIndex 1
   &nAlphaEl [&Type "Integer"] 121
   &nBetaEl [&Type "Integer"] 121
   &nTotalEl [&Type "Integer"] 242
   &finalEn [&Type "Double"]      -1.5416724584789135e+03  "No Van der Waals correction"
   &eExchange [&Type "Double"]      -2.0722577331554328e+02
   &eCorr [&Type "Double"]      -8.0346236528405441e+00
   &eXC [&Type "Double"]      -2.1526039696838382e+02
   &eCNL [&Type "Double"]       0.0000000000000000e+00
$End
$SCF_Timings
   &GeometryIndex 1
   &TOTAL [&Type "Double"]       1.4347900000000001e+02
   &PREP [&Type "Double"]       3.7800000000000000e-01
   &FOCK [&Type "Double"]       1.3035000000000002e+02
   &DENS [&Type "Double"]       7.5899999999998613e-01
   &ETOT [&Type "Double"]       2.6900000000001612e-01
   &POP [&Type "Double"]       3.8500000000001933e-01
   &TRAFO [&Type "Double"]       7.8000000000001890e-01
   &DIIS [&Type "Double"]       2.8460000000000072e+00
   &SOSCF [&Type "Double"]       2.6729999999999734e+00
   &XC [&Type "Double"]       9.9022000000000020e+01
   &FOCKSTART [&Type "Double"]       1.2100000000003241e-01
   &INT_BF [&Type "Double"]       1.4649000000000278e+01
   &INT_DENS [&Type "Double"]       3.3996999999999574e+01
   &INT_DENSIO [&Type "Double"]       1.5784376999999995e+06
   &INT_FUNC [&Type "Double"]       3.1889999999995435e+00
   &INT_POT [&Type "Double"]       4.1938000000000613e+01
   &INT_POTIO [&Type "Double"]       6.1499999999993493e-01
   &INT_SUM [&Type "Double"]       2.0000000000095497e-03
   &SPLITRIJ [&Type "Double"]       3.5939000000000021e+01
$End
$VdW_Correction
   &GeometryIndex 1
   &vdW [&Type "Double"]      -2.9877216970934588e-02
$End
$gCP_Energy
   &GeometryIndex 1
   &gCP_Energy [&Type "Double"]       4.1702030399999999e-02
$End
$Single_Point_Data
   &GeometryIndex 1
   &FinalEnergy [&Type "Double"]      -1.5416606336654845e+03  "Final single point energy"
   &Converged [&Type "Boolean"] true
$End
$Calculation_Info
   &GeometryIndex 1
   &Mult [&Type "Integer"] 1
   &Charge [&Type "Integer"] 0
   &NumOfAtoms [&Type "Integer"] 59
   &NumOfElectrons [&Type "Integer"] 242
   &NumOfBasisFuncts [&Type "Integer"] 816
   &NumOfAuxCBasisFuncts [&Type "Integer"] 0
   &NumOfAuxJBasisFuncts [&Type "Integer"] 1295
   &NumOfAuxJKBasisFuncts [&Type "Integer"] 0
   &NumOfCABSBasisFuncts [&Type "Integer"] 0
$End
$SCF_Dipole_Moment
   &GeometryIndex 1
   &dipoleMagnitude [&Type "Double", &Units "a.u."]       1.8308824008667031e+00
   &dipoleElecContrib [&Type "ArrayOfDoubles", &Dim (3,1)] "Electronic contribution"
                                                         0

0                                     -1.0097207758289851e+01
1                                     -1.4808455639321572e+01
2                                      2.5432429180413592e+01
   &dipoleNucContrib [&Type "ArrayOfDoubles", &Dim (3,1)] "Nuclear contribution"
                                                         0

0                                      1.0516630855535425e+01
1                                      1.4788494670540793e+01
2                                     -2.7214511162541712e+01
   &dipoleTotal [&Type "ArrayOfDoubles", &Dim (3,1)] "Total"
                                                         0

0                                      4.1942309724557347e-01
1                                     -1.9960968780779353e-02
2                                     -1.7820819821281191e+00
   &doAtomicDipole [&Type "Boolean"] false
   &Method [&Type "String"] "SCF"
   &Level [&Type "String"] "Relaxed density"
   &Mult [&Type "Integer"] 1
   &State [&Type "Integer"] -1
   &Irrep [&Type "Integer"] 0
$End
$Calculation_Timings
   &GeometryIndex 1
   &GTOINT [&Type "Double"]       6.2040000000000006e+00
   &SCF [&Type "Double"]       1.5047499999999999e+02
   &PROP [&Type "Double"]       4.5099999999999341e-01
   &SUM [&Type "Double"]       1.5713000000000000e+02
$End
