*************************************************
******************* ORCA 6.1.1 ******************
*************************************************
$Calculation_Status
   &GeometryIndex 1
   &version [&Type "String"] "6.1.1"
   &progName [&Type "String"] "LeanSCF"
   &Status [&Type "String"] "NORMAL TERMINATION"
$End
$Geometry
   &GeometryIndex 1
   &NAtoms [&Type "Integer"] 59
   &NCorelessECP [&Type "Integer"] 0
   &NGhostAtoms [&Type "Integer"] 0
   &CartesianCoordinates [&Type "Coordinates", &Dim(59,4), &Units "Bohr"] 
              C     11.860005668351   47.723903059111   52.301015568890
              H     13.171797671317   46.558565625208   51.765581321995
              H     12.674253245990   49.297304779632   52.770449599879
              C     10.598366902492   46.673660680408   54.537590730171
              H      9.767895610254   48.036490765848   55.443161383033
              H     11.864468294410   45.956932382116   55.651270194737
              C      8.715202200064   44.714428945295   53.933183274628
              H      7.850527847459   44.212195977149   55.469918223233
              H      9.572369785677   43.239119601365   53.260991796196
              C      6.820332174915   45.626818844987   52.054257983809
              H      5.585192301639   46.655350103445   52.933963671617
              H      5.937331881873   44.172959026512   51.373147546045
              C      7.858712232448   47.134302477101   49.892899270583
              C     13.219304649331   48.837709305403   46.745402092179
              H     13.997676362132   47.319762467555   47.172322463004
              C     11.164920516854   49.672671607388   48.110893214371
              C     10.054256715047   51.938997879928   47.485377574603
              C     14.125116658015   50.248146883389   44.747854761303
              H     15.529296067757   49.692290082706   43.848527385642
              H     13.477214302013   50.827545854454   39.597161596047
              N     10.164038200509   48.201809110304   50.158386668370
              O      6.621384169693   47.401636912109   47.948271055573
              H      8.702702247503   52.538276902203   48.435840278044
              C     10.928059389741   53.323015914932   45.467911264159
              H     10.145260539937   54.837562209499   45.040693601618
              C     12.953346539660   52.476282527756   44.082203851787
              C     13.352652512567   52.647617212202   39.415512313930
              H     11.657768556999   53.043125667058   38.842023895986
              C     14.226096762905   56.386375437175   42.104278208764
              C     14.626276734149   57.606906177860   39.637891449226
              C     15.249750657109   56.340860570657   37.477127357225
              C     15.240500239814   53.527832804813   37.446505630239
              H     16.912325511431   52.886177864513   37.840128591948
              H     14.757414014650   52.914951628313   35.788770270059
              C     15.783872111258   58.228942642842   35.715337591194
              C     16.673969006235   57.900921731742   33.084544865875
              C     14.216964812541   62.243405844734   40.711435644043
              C     12.140258309005   62.153160858270   42.275522035177
              H     11.092652532896   60.741415381929   42.263927412612
              C     11.612644599229   64.154245340729   43.857149034361
              H     10.213451364171   64.092250966282   44.915828303258
              C     13.155387762002   66.241912709376   43.866662577123
              C     15.195045202025   66.353868797187   42.233900269057
              H     16.204685397446   67.790987512944   42.198521780138
              C     15.738062239594   64.364293824028   40.668327381552
              H     17.120539467497   64.440151928592   39.585269662870
              C     10.941439160996   68.071662507389   47.298971549452
              H     10.974482326358   69.548802901457   48.352596745804
              H     11.239135825797   66.598184213596   48.313947972426
              H      9.317357895741   67.937472128654   46.500428295184
              H     17.100929439255   59.886049858055   30.071723820310
              H     15.893291581885   61.227953569821   32.158757922832
              N     13.784350394518   53.846960003323   41.893196423214
              N     14.795401629545   60.131934748710   39.133078929318
              N     15.477539549203   60.533721119448   36.708908538229
              N     16.598310116600   59.953275825920   31.636702105486
              O     14.439883578032   57.464345257214   44.118176943034
              O     17.473302128232   55.853276079200   32.395110090005
              O     12.845028325835   68.266800938108   45.426289498039
$End
$SCF_Mulliken_Population_Analysis
   &GeometryIndex 1
   &NAtoms [&Type "Integer"] 59
   &ATNO [&Type "ArrayOfIntegers", &Dim (59,1)] 
                                                         0

0                                                        6
1                                                        1
2                                                        1
3                                                        6
4                                                        1
5                                                        1
6                                                        6
7                                                        1
8                                                        1
9                                                        6
10                                                       1
11                                                       1
12                                                       6
13                                                       6
14                                                       1
15                                                       6
16                                                       6
17                                                       6
18                                                       1
19                                                       1
20                                                       7
21                                                       8
22                                                       1
23                                                       6
24                                                       1
25                                                       6
26                                                       6
27                                                       1
28                                                       6
29                                                       6
30                                                       6
31                                                       6
32                                                       1
33                                                       1
34                                                       6
35                                                       6
36                                                       6
37                                                       6
38                                                       1
39                                                       6
40                                                       1
41                                                       6
42                                                       6
43                                                       1
44                                                       6
45                                                       1
46                                                       6
47                                                       1
48                                                       1
49                                                       1
50                                                       1
51                                                       1
52                                                       7
53                                                       7
54                                                       7
55                                                       7
56                                                       8
57                                                       8
58                                                       8
   &AtomicCharges [&Type "ArrayOfDoubles", &Dim (59,1)] 
                                                         0

0                                     -1.5765690229996920e-01
1                                      1.3339552556096146e-01
2                                      1.4168847111770055e-01
3                                     -2.6290746840682910e-01
4                                      1.4733948902033855e-01
5                                      1.3735761946661995e-01
6                                     -2.3112376298637027e-01
7                                      1.3630007531523081e-01
8                                      1.3979671191306986e-01
9                                     -2.8187048146237537e-01
10                                     1.6210382974496240e-01
11                                     1.6153583209208566e-01
12                                     2.2425389194205270e-01
13                                    -1.6831559509904537e-01
14                                     1.0332965086470391e-01
15                                    -8.7362408853497442e-02
16                                    -1.9807082714465274e-01
17                                    -2.2573461966869690e-01
18                                     1.0479432164277980e-01
19                                     1.3945458331132188e-01
20                                     2.2126266602071443e-01
21                                    -4.4520447566776156e-01
22                                     1.0886216782574198e-01
23                                    -1.5592072044741201e-01
24                                     1.1166830591747834e-01
25                                     1.4490432883036419e-02
26                                    -1.9494761121022286e-01
27                                     1.5919487204494032e-01
28                                    -5.0281357322345954e-03
29                                    -1.9746646287526204e-03
30                                    -1.0565957949933580e-01
31                                    -3.3223574135938172e-01
32                                     1.7744634312335372e-01
33                                     1.7493096583394352e-01
34                                     2.7388880992041731e-01
35                                     1.4606955825258883e-01
36                                     3.4002211555199224e-02
37                                    -1.6765656171786070e-01
38                                     1.1237550323529311e-01
39                                    -2.5046324417291110e-01
40                                     1.0054565702679108e-01
41                                     3.9415396894851629e-01
42                                    -2.7007698786492984e-01
43                                     1.1342343753933126e-01
44                                    -2.2301611475357319e-01
45                                     1.1886717932315727e-01
46                                    -2.2598257709600755e-01
47                                     1.3165622388676601e-01
48                                     1.4498695810822260e-01
49                                     1.3800519757436580e-01
50                                     1.5528826849902888e-01
51                                     1.5428611847457507e-01
52                                     2.2923733534814428e-01
53                                     8.3889075712044470e-01
54                                    -5.0105304462391231e-01
55                                    -2.1636163405621023e-01
56                                    -4.2374086497620134e-01
57                                    -4.1688005041837073e-01
58                                    -2.3563886630759256e-01
   &Method [&Type "String"] "SCF"
   &Level [&Type "String"] "Relaxed density"
   &Mult [&Type "Integer"] 1
   &State [&Type "Integer"] -1
   &Irrep [&Type "Integer"] 0
$End
$SCF_Loewdin_Population_Analysis
   &GeometryIndex 1
   &NAtoms [&Type "Integer"] 59
   &ATNO [&Type "ArrayOfIntegers", &Dim (59,1)] 
                                                         0

0                                                        6
1                                                        1
2                                                        1
3                                                        6
4                                                        1
5                                                        1
6                                                        6
7                                                        1
8                                                        1
9                                                        6
10                                                       1
11                                                       1
12                                                       6
13                                                       6
14                                                       1
15                                                       6
16                                                       6
17                                                       6
18                                                       1
19                                                       1
20                                                       7
21                                                       8
22                                                       1
23                                                       6
24                                                       1
25                                                       6
26                                                       6
27                                                       1
28                                                       6
29                                                       6
30                                                       6
31                                                       6
32                                                       1
33                                                       1
34                                                       6
35                                                       6
36                                                       6
37                                                       6
38                                                       1
39                                                       6
40                                                       1
41                                                       6
42                                                       6
43                                                       1
44                                                       6
45                                                       1
46                                                       6
47                                                       1
48                                                       1
49                                                       1
50                                                       1
51                                                       1
52                                                       7
53                                                       7
54                                                       7
55                                                       7
56                                                       8
57                                                       8
58                                                       8
   &AtomicCharges [&Type "ArrayOfDoubles", &Dim (59,1)] 
                                                         0

0                                      8.6350242741337624e-03
1                                      1.6133399414453531e-01
2                                      1.7018170748718009e-01
3                                     -2.3737554874100741e-01
4                                      1.4435024108960437e-01
5                                      1.4689335430844697e-01
6                                     -2.5570364117845124e-01
7                                      1.4210456286727302e-01
8                                      1.4202306264906173e-01
9                                     -1.9994364792753760e-01
10                                     1.6122527183567326e-01
11                                     1.6264425990348719e-01
12                                     3.6217766784204120e-01
13                                    -8.8134161421947077e-02
14                                     1.4439989749692395e-01
15                                     1.6325707096412057e-01
16                                    -6.2105585932923368e-02
17                                    -9.0863658887701426e-02
18                                     1.4550495501484506e-01
19                                     1.7328736024460634e-01
20                                    -7.4375541820027902e-01
21                                    -4.6640843041231861e-01
22                                     1.4981483649430927e-01
23                                    -6.6279841863043920e-02
24                                     1.5006671088779777e-01
25                                     1.6328635293095317e-01
26                                     2.4534886956011803e-02
27                                     1.6769570831829039e-01
28                                     3.8471115325427174e-01
29                                     2.4855522945300645e-01
30                                     3.5185927438921460e-02
31                                    -1.9333861016034692e-01
32                                     1.6001892926989891e-01
33                                     1.6340656957604838e-01
34                                     2.1974498981787516e-01
35                                     3.6234494838128839e-01
36                                     1.8315419616087247e-01
37                                    -5.2482547454857809e-02
38                                     1.5112133224978841e-01
39                                    -1.3601014225891639e-01
40                                     1.4379317273238623e-01
41                                     2.0736985267804986e-01
42                                    -9.6810796619865691e-02
43                                     1.4925472433457176e-01
44                                    -6.6768402795620574e-02
45                                     1.5117454133766395e-01
46                                    -2.1131042344794793e-02
47                                     1.5972478277822533e-01
48                                     1.5509175333293546e-01
49                                     1.5197858267034747e-01
50                                     1.9465563173600697e-01
51                                     1.6124754922031093e-01
52                                    -7.3103592375194015e-01
53                                    -5.6393794579686762e-01
54                                    -3.2485494021838335e-01
55                                    -3.2411225887043305e-01
56                                    -4.3217729800874771e-01
57                                    -4.5261062383317530e-01
58                                    -6.6011032545290860e-01
   &Method [&Type "String"] "SCF"
   &Level [&Type "String"] "Relaxed density"
   &Mult [&Type "Integer"] 1
   &State [&Type "Integer"] -1
   &Irrep [&Type "Integer"] 0
$End
$SCF_Mayer_Population_Analysis
   &GeometryIndex 1
   &NAtoms [&Type "Integer"] 59 "Total number of atoms"
   &NBondOrdersPrint [&Type "Integer"] 66 "The number of bond orders larger than threshold"
   &bondThresh [&Type "Double"]       1.0000000000000001e-01  "The threshold for printing"
   &components [&Type "ArrayOfIntegers", &Dim (66,4)] "The indices and atomic numbers of the bonding atoms"
                                                         0                           1                           2                           3

0                                                        0                           6                           1                           1
1                                                        0                           6                           2                           1
2                                                        0                           6                           3                           6
3                                                        0                           6                          20                           7
4                                                        3                           6                           4                           1
5                                                        3                           6                           5                           1
6                                                        3                           6                           6                           6
7                                                        6                           6                           7                           1
8                                                        6                           6                           8                           1
9                                                        6                           6                           9                           6
10                                                       9                           6                          10                           1
11                                                       9                           6                          11                           1
12                                                       9                           6                          12                           6
13                                                      12                           6                          20                           7
14                                                      12                           6                          21                           8
15                                                      13                           6                          14                           1
16                                                      13                           6                          15                           6
17                                                      13                           6                          17                           6
18                                                      15                           6                          16                           6
19                                                      15                           6                          20                           7
20                                                      15                           6                          25                           6
21                                                      16                           6                          22                           1
22                                                      16                           6                          23                           6
23                                                      17                           6                          18                           1
24                                                      17                           6                          25                           6
25                                                      19                           1                          26                           6
26                                                      23                           6                          24                           1
27                                                      23                           6                          25                           6
28                                                      25                           6                          52                           7
29                                                      26                           6                          27                           1
30                                                      26                           6                          31                           6
31                                                      26                           6                          52                           7
32                                                      28                           6                          29                           6
33                                                      28                           6                          52                           7
34                                                      28                           6                          56                           8
35                                                      29                           6                          30                           6
36                                                      29                           6                          53                           7
37                                                      29                           6                          54                           7
38                                                      30                           6                          31                           6
39                                                      30                           6                          34                           6
40                                                      30                           6                          54                           7
41                                                      31                           6                          32                           1
42                                                      31                           6                          33                           1
43                                                      34                           6                          35                           6
44                                                      34                           6                          54                           7
45                                                      35                           6                          55                           7
46                                                      35                           6                          57                           8
47                                                      36                           6                          37                           6
48                                                      36                           6                          44                           6
49                                                      36                           6                          53                           7
50                                                      37                           6                          38                           1
51                                                      37                           6                          39                           6
52                                                      39                           6                          40                           1
53                                                      39                           6                          41                           6
54                                                      41                           6                          42                           6
55                                                      41                           6                          58                           8
56                                                      42                           6                          43                           1
57                                                      42                           6                          44                           6
58                                                      44                           6                          45                           1
59                                                      46                           6                          47                           1
60                                                      46                           6                          48                           1
61                                                      46                           6                          49                           1
62                                                      46                           6                          58                           8
63                                                      50                           1                          55                           7
64                                                      51                           1                          55                           7
65                                                      53                           7                          54                           7
   &BondOrders [&Type "ArrayOfDoubles", &Dim (66,1)] "The bond orders"
                                                         0

0                                      9.5708863075289652e-01
1                                      9.5232435103692148e-01
2                                      9.4787602670181115e-01
3                                      9.5096964777122484e-01
4                                      1.0061212112043472e+00
5                                      9.6809580700714315e-01
6                                      9.1654030679811216e-01
7                                      9.7634567528170813e-01
8                                      9.9330096342880925e-01
9                                      9.1217743486428660e-01
10                                     9.6187174572787859e-01
11                                     9.6835438850871858e-01
12                                     9.3872493039874072e-01
13                                     1.1941990381099272e+00
14                                     1.7924733369520081e+00
15                                     9.9266605922400564e-01
16                                     1.3994256447149769e+00
17                                     1.2538717326651141e+00
18                                     1.4479095022633344e+00
19                                     9.9198554082759638e-01
20                                     1.3342286434551601e-01
21                                     9.9472475712837227e-01
22                                     1.2778343033724566e+00
23                                     1.0182421405505098e+00
24                                     1.3846549974988176e+00
25                                     9.4552980100078776e-01
26                                     9.7763867558890616e-01
27                                     1.4558264096652258e+00
28                                     8.6885448282755007e-01
29                                     9.5907695683064742e-01
30                                     9.2605692075016699e-01
31                                     8.8649291361874605e-01
32                                     9.1468945821812309e-01
33                                     1.1874665854883213e+00
34                                     1.8839907226533854e+00
35                                     1.2447228354724023e+00
36                                     1.2923977384119079e+00
37                                     2.7961130736269529e-01
38                                     8.6426206957894558e-01
39                                     1.2208610905001573e+00
40                                    -1.6791751523918311e-01
41                                     9.9967986468170733e-01
42                                     1.0069846743056237e+00
43                                     9.9438012595545000e-01
44                                     1.4776974398735558e+00
45                                     1.0057428700113098e+00
46                                     1.9523303652238988e+00
47                                     1.4372409468060978e+00
48                                     1.3334279712175632e+00
49                                     8.9759381938431559e-01
50                                     9.7763325148434954e-01
51                                     1.3038309994137021e+00
52                                     9.6540894250019815e-01
53                                     1.3329607971140149e+00
54                                     1.3535520592812647e+00
55                                     1.0523151230837084e+00
56                                     1.0175168159269536e+00
57                                     1.2903464586454643e+00
58                                     1.0094099136773769e+00
59                                     9.6378937736317238e-01
60                                     9.8380557653549727e-01
61                                     9.8322305938906818e-01
62                                     9.0467274082858129e-01
63                                     1.0148692910606087e+00
64                                     1.0228142436913583e+00
65                                     1.2200038434244544e+00
   &ATNO [&Type "ArrayOfIntegers", &Dim (59,1)] "Atomic number of the elements"
                                                         0

0                                                        6
1                                                        1
2                                                        1
3                                                        6
4                                                        1
5                                                        1
6                                                        6
7                                                        1
8                                                        1
9                                                        6
10                                                       1
11                                                       1
12                                                       6
13                                                       6
14                                                       1
15                                                       6
16                                                       6
17                                                       6
18                                                       1
19                                                       1
20                                                       7
21                                                       8
22                                                       1
23                                                       6
24                                                       1
25                                                       6
26                                                       6
27                                                       1
28                                                       6
29                                                       6
30                                                       6
31                                                       6
32                                                       1
33                                                       1
34                                                       6
35                                                       6
36                                                       6
37                                                       6
38                                                       1
39                                                       6
40                                                       1
41                                                       6
42                                                       6
43                                                       1
44                                                       6
45                                                       1
46                                                       6
47                                                       1
48                                                       1
49                                                       1
50                                                       1
51                                                       1
52                                                       7
53                                                       7
54                                                       7
55                                                       7
56                                                       8
57                                                       8
58                                                       8
   &NA [&Type "ArrayOfDoubles", &Dim (59,1)] "Mulliken gross atomic population"
                                                         0

0                                      6.1576569022999692e+00
1                                      8.6660447443903943e-01
2                                      8.5831152888229911e-01
3                                      6.2629074684068371e+00
4                                      8.5266051097966100e-01
5                                      8.6264238053338049e-01
6                                      6.2311237629863676e+00
7                                      8.6369992468476942e-01
8                                      8.6020328808693047e-01
9                                      6.2818704814623816e+00
10                                     8.3789617025503793e-01
11                                     8.3846416790791478e-01
12                                     5.7757461080579509e+00
13                                     6.1683155950990507e+00
14                                     8.9667034913529597e-01
15                                     6.0873624088535063e+00
16                                     6.1980708271446669e+00
17                                     6.2257346196687013e+00
18                                     8.9520567835722065e-01
19                                     8.6054541668867834e-01
20                                     6.7787373339792802e+00
21                                     8.4452044756677616e+00
22                                     8.9113783217425868e-01
23                                     6.1559207204474120e+00
24                                     8.8833169408252299e-01
25                                     5.9855095671169742e+00
26                                     6.1949476112102175e+00
27                                     8.4080512795506057e-01
28                                     6.0050281357322426e+00
29                                     6.0019746646287553e+00
30                                     6.1056595794993349e+00
31                                     6.3322357413593888e+00
32                                     8.2255365687664705e-01
33                                     8.2506903416605715e-01
34                                     5.7261111900795783e+00
35                                     5.8539304417474050e+00
36                                     5.9659977884447972e+00
37                                     6.1676565617178607e+00
38                                     8.8762449676470689e-01
39                                     6.2504632441729040e+00
40                                     8.9945434297320914e-01
41                                     5.6058460310514855e+00
42                                     6.2700769878649307e+00
43                                     8.8657656246066985e-01
44                                     6.2230161147535776e+00
45                                     8.8113282067684218e-01
46                                     6.2259825770960102e+00
47                                     8.6834377611323399e-01
48                                     8.5501304189177763e-01
49                                     8.6199480242563409e-01
50                                     8.4471173150097079e-01
51                                     8.4571388152542426e-01
52                                     6.7707626646518522e+00
53                                     6.1611092428795597e+00
54                                     7.5010530446239052e+00
55                                     7.2163616340562147e+00
56                                     8.4237408649762173e+00
57                                     8.4168800504183778e+00
58                                     8.2356388663075784e+00
   &ZA [&Type "ArrayOfDoubles", &Dim (59,1)] "Total nuclear charge"
                                                         0

0                                      6.0000000000000000e+00
1                                      1.0000000000000000e+00
2                                      1.0000000000000000e+00
3                                      6.0000000000000000e+00
4                                      1.0000000000000000e+00
5                                      1.0000000000000000e+00
6                                      6.0000000000000000e+00
7                                      1.0000000000000000e+00
8                                      1.0000000000000000e+00
9                                      6.0000000000000000e+00
10                                     1.0000000000000000e+00
11                                     1.0000000000000000e+00
12                                     6.0000000000000000e+00
13                                     6.0000000000000000e+00
14                                     1.0000000000000000e+00
15                                     6.0000000000000000e+00
16                                     6.0000000000000000e+00
17                                     6.0000000000000000e+00
18                                     1.0000000000000000e+00
19                                     1.0000000000000000e+00
20                                     7.0000000000000000e+00
21                                     8.0000000000000000e+00
22                                     1.0000000000000000e+00
23                                     6.0000000000000000e+00
24                                     1.0000000000000000e+00
25                                     6.0000000000000000e+00
26                                     6.0000000000000000e+00
27                                     1.0000000000000000e+00
28                                     6.0000000000000000e+00
29                                     6.0000000000000000e+00
30                                     6.0000000000000000e+00
31                                     6.0000000000000000e+00
32                                     1.0000000000000000e+00
33                                     1.0000000000000000e+00
34                                     6.0000000000000000e+00
35                                     6.0000000000000000e+00
36                                     6.0000000000000000e+00
37                                     6.0000000000000000e+00
38                                     1.0000000000000000e+00
39                                     6.0000000000000000e+00
40                                     1.0000000000000000e+00
41                                     6.0000000000000000e+00
42                                     6.0000000000000000e+00
43                                     1.0000000000000000e+00
44                                     6.0000000000000000e+00
45                                     1.0000000000000000e+00
46                                     6.0000000000000000e+00
47                                     1.0000000000000000e+00
48                                     1.0000000000000000e+00
49                                     1.0000000000000000e+00
50                                     1.0000000000000000e+00
51                                     1.0000000000000000e+00
52                                     7.0000000000000000e+00
53                                     7.0000000000000000e+00
54                                     7.0000000000000000e+00
55                                     7.0000000000000000e+00
56                                     8.0000000000000000e+00
57                                     8.0000000000000000e+00
58                                     8.0000000000000000e+00
   &QA [&Type "ArrayOfDoubles", &Dim (59,1)] "Mulliken gross atomic charge"
                                                         0

0                                     -1.5765690229996920e-01
1                                      1.3339552556096057e-01
2                                      1.4168847111770089e-01
3                                     -2.6290746840683710e-01
4                                      1.4733948902033900e-01
5                                      1.3735761946661951e-01
6                                     -2.3112376298636761e-01
7                                      1.3630007531523058e-01
8                                      1.3979671191306953e-01
9                                     -2.8187048146238158e-01
10                                     1.6210382974496207e-01
11                                     1.6153583209208522e-01
12                                     2.2425389194204914e-01
13                                    -1.6831559509905070e-01
14                                     1.0332965086470403e-01
15                                    -8.7362408853506324e-02
16                                    -1.9807082714466695e-01
17                                    -2.2573461966870134e-01
18                                     1.0479432164277935e-01
19                                     1.3945458331132166e-01
20                                     2.2126266602071976e-01
21                                    -4.4520447566776156e-01
22                                     1.0886216782574132e-01
23                                    -1.5592072044741201e-01
24                                     1.1166830591747701e-01
25                                     1.4490432883025761e-02
26                                    -1.9494761121021753e-01
27                                     1.5919487204493943e-01
28                                    -5.0281357322425890e-03
29                                    -1.9746646287552849e-03
30                                    -1.0565957949933491e-01
31                                    -3.3223574135938883e-01
32                                     1.7744634312335295e-01
33                                     1.7493096583394285e-01
34                                     2.7388880992042175e-01
35                                     1.4606955825259504e-01
36                                     3.4002211555202777e-02
37                                    -1.6765656171786070e-01
38                                     1.1237550323529311e-01
39                                    -2.5046324417290400e-01
40                                     1.0054565702679086e-01
41                                     3.9415396894851451e-01
42                                    -2.7007698786493073e-01
43                                     1.1342343753933015e-01
44                                    -2.2301611475357763e-01
45                                     1.1886717932315782e-01
46                                    -2.2598257709601022e-01
47                                     1.3165622388676601e-01
48                                     1.4498695810822237e-01
49                                     1.3800519757436591e-01
50                                     1.5528826849902921e-01
51                                     1.5428611847457574e-01
52                                     2.2923733534814783e-01
53                                     8.3889075712044026e-01
54                                    -5.0105304462390521e-01
55                                    -2.1636163405621467e-01
56                                    -4.2374086497621732e-01
57                                    -4.1688005041837783e-01
58                                    -2.3563886630757835e-01
   &VA [&Type "ArrayOfDoubles", &Dim (59,1)] "Mayer's total valence"
                                                         0

0                                      3.7984503218134296e+00
1                                      9.5664209979756110e-01
2                                      9.5251600635352141e-01
3                                      3.7669000315956676e+00
4                                      9.6369619426682640e-01
5                                      9.6332551241319564e-01
6                                      3.6737816758275610e+00
7                                      9.6441858782492318e-01
8                                      9.6544872460711151e-01
9                                      3.7605940964879476e+00
10                                     9.6166536302055583e-01
11                                     9.6265263083235941e-01
12                                     3.9634477520182121e+00
13                                     3.6397376172492590e+00
14                                     9.8519646157856344e-01
15                                     3.9777474787821632e+00
16                                     3.7515119594301227e+00
17                                     3.6784215327212175e+00
18                                     9.8593281560038826e-01
19                                     9.5894530669436995e-01
20                                     3.1893265453394335e+00
21                                     1.9791930334313950e+00
22                                     9.8385523073647352e-01
23                                     3.7490072735793269e+00
24                                     9.7986845063632522e-01
25                                     3.7932305896545984e+00
26                                     3.7793791747412389e+00
27                                     9.4466999257643947e-01
28                                     3.9806057746999830e+00
29                                     3.6736037815989655e+00
30                                     3.2423652071073157e+00
31                                     3.7660233297646202e+00
32                                     9.5234510151378116e-01
33                                     9.5877597388809577e-01
34                                     3.6946086849224429e+00
35                                     4.0304356327401445e+00
36                                     3.8315170745866158e+00
37                                     3.7982457468304198e+00
38                                     9.8016074592572644e-01
39                                     3.6730716580867759e+00
40                                     9.8737045296643688e-01
41                                     3.7047023176461229e+00
42                                     3.7191743133628381e+00
43                                     9.8349484553446009e-01
44                                     3.6754163295559952e+00
45                                     9.8052831858624312e-01
46                                     3.8337555374666432e+00
47                                     9.6745726586394598e-01
48                                     9.5818953056775458e-01
49                                     9.5739247711705633e-01
50                                     1.0070068981757179e+00
51                                     9.9983501396142838e-01
52                                     3.0746723275965042e+00
53                                     3.4614053375356351e+00
54                                     3.1666472664336007e+00
55                                     3.1323395066944171e+00
56                                     2.0348710925661875e+00
57                                     2.0140111678045454e+00
58                                     2.0315191501441170e+00
   &BVA [&Type "ArrayOfDoubles", &Dim (59,1)] "Mayer's bonded valence"
                                                         0

0                                      3.7984503218133945e+00
1                                      9.5664209979754755e-01
2                                      9.5251600635350731e-01
3                                      3.7669000315956702e+00
4                                      9.6369619426683051e-01
5                                      9.6332551241320086e-01
6                                      3.6737816758276214e+00
7                                      9.6441858782493517e-01
8                                      9.6544872460712317e-01
9                                      3.7605940964879228e+00
10                                     9.6166536302054706e-01
11                                     9.6265263083235242e-01
12                                     3.9634477520182556e+00
13                                     3.6397376172492035e+00
14                                     9.8519646157855090e-01
15                                     3.9777474787821161e+00
16                                     3.7515119594300326e+00
17                                     3.6784215327212277e+00
18                                     9.8593281560041035e-01
19                                     9.5894530669438638e-01
20                                     3.1893265453394584e+00
21                                     1.9791930334314856e+00
22                                     9.8385523073645587e-01
23                                     3.7490072735793269e+00
24                                     9.7986845063633277e-01
25                                     3.7932305896545797e+00
26                                     3.7793791747412926e+00
27                                     9.4466999257644024e-01
28                                     3.9806057746998991e+00
29                                     3.6736037815988221e+00
30                                     3.2423652071072881e+00
31                                     3.7660233297645456e+00
32                                     9.5234510151376173e-01
33                                     9.5877597388808977e-01
34                                     3.6946086849223887e+00
35                                     4.0304356327401667e+00
36                                     3.8315170745867362e+00
37                                     3.7982457468304638e+00
38                                     9.8016074592573188e-01
39                                     3.6730716580867480e+00
40                                     9.8737045296644776e-01
41                                     3.7047023176461664e+00
42                                     3.7191743133629713e+00
43                                     9.8349484553449129e-01
44                                     3.6754163295560107e+00
45                                     9.8052831858625433e-01
46                                     3.8337555374667045e+00
47                                     9.6745726586395053e-01
48                                     9.5818953056776790e-01
49                                     9.5739247711706577e-01
50                                     1.0070068981757114e+00
51                                     9.9983501396144248e-01
52                                     3.0746723275965611e+00
53                                     3.4614053375356129e+00
54                                     3.1666472664336158e+00
55                                     3.1323395066944730e+00
56                                     2.0348710925662221e+00
57                                     2.0140111678045871e+00
58                                     2.0315191501442458e+00
   &FA [&Type "ArrayOfDoubles", &Dim (59,1)] "Mayer's free valence"
                                                         0

0                                      0.0000000000000000e+00
1                                      0.0000000000000000e+00
2                                      0.0000000000000000e+00
3                                      0.0000000000000000e+00
4                                      0.0000000000000000e+00
5                                      0.0000000000000000e+00
6                                      0.0000000000000000e+00
7                                      0.0000000000000000e+00
8                                      0.0000000000000000e+00
9                                      0.0000000000000000e+00
10                                     0.0000000000000000e+00
11                                     0.0000000000000000e+00
12                                     0.0000000000000000e+00
13                                     0.0000000000000000e+00
14                                     0.0000000000000000e+00
15                                     0.0000000000000000e+00
16                                     0.0000000000000000e+00
17                                     0.0000000000000000e+00
18                                     0.0000000000000000e+00
19                                     0.0000000000000000e+00
20                                     0.0000000000000000e+00
21                                     0.0000000000000000e+00
22                                     0.0000000000000000e+00
23                                     0.0000000000000000e+00
24                                     0.0000000000000000e+00
25                                     0.0000000000000000e+00
26                                     0.0000000000000000e+00
27                                     0.0000000000000000e+00
28                                     0.0000000000000000e+00
29                                     0.0000000000000000e+00
30                                     0.0000000000000000e+00
31                                     0.0000000000000000e+00
32                                     0.0000000000000000e+00
33                                     0.0000000000000000e+00
34                                     0.0000000000000000e+00
35                                     0.0000000000000000e+00
36                                     0.0000000000000000e+00
37                                     0.0000000000000000e+00
38                                     0.0000000000000000e+00
39                                     0.0000000000000000e+00
40                                     0.0000000000000000e+00
41                                     0.0000000000000000e+00
42                                     0.0000000000000000e+00
43                                     0.0000000000000000e+00
44                                     0.0000000000000000e+00
45                                     0.0000000000000000e+00
46                                     0.0000000000000000e+00
47                                     0.0000000000000000e+00
48                                     0.0000000000000000e+00
49                                     0.0000000000000000e+00
50                                     0.0000000000000000e+00
51                                     0.0000000000000000e+00
52                                     0.0000000000000000e+00
53                                     0.0000000000000000e+00
54                                     0.0000000000000000e+00
55                                     0.0000000000000000e+00
56                                     0.0000000000000000e+00
57                                     0.0000000000000000e+00
58                                     0.0000000000000000e+00
   &Method [&Type "String"] "SCF"
   &Level [&Type "String"] "Relaxed density"
   &Mult [&Type "Integer"] 1
   &State [&Type "Integer"] -1
   &Irrep [&Type "Integer"] 0
$End
$SCF_Energy
   &GeometryIndex 1
   &Method [&Type "String"] "SCF"
   &totalEnergy [&Type "ArrayOfDoubles", &Dim (1,1)] "Total energy of each state"
                                                         0

0                                     -1.5416724584485546e+03
   &Mult [&Type "ArrayOfIntegers", &Dim (1,1)] "Multiplicity of each state"
                                                         0

0                                                        1
$End
$DFT_Energy
   &GeometryIndex 1
   &nAlphaEl [&Type "Integer"] 121
   &nBetaEl [&Type "Integer"] 121
   &nTotalEl [&Type "Integer"] 242
   &finalEn [&Type "Double"]      -1.5416724584485546e+03  "No Van der Waals correction"
   &eExchange [&Type "Double"]      -2.0722571466100896e+02
   &eCorr [&Type "Double"]      -8.0346220211423329e+00
   &eXC [&Type "Double"]      -2.1526033668215129e+02
   &eCNL [&Type "Double"]       0.0000000000000000e+00
$End
$SCF_Timings
   &GeometryIndex 1
   &TOTAL [&Type "Double"]       1.4757300000000001e+02
   &PREP [&Type "Double"]       3.9600000000000002e-01
   &FOCK [&Type "Double"]       1.3460500000000002e+02
   &DENS [&Type "Double"]       8.2199999999997431e-01
   &ETOT [&Type "Double"]       3.4099999999997799e-01
   &POP [&Type "Double"]       3.9600000000001501e-01
   &TRAFO [&Type "Double"]       6.8499999999998451e-01
   &DIIS [&Type "Double"]       2.6810000000000080e+00
   &SOSCF [&Type "Double"]       2.9969999999999928e+00
   &XC [&Type "Double"]       1.0142999999999994e+02
   &FOCKSTART [&Type "Double"]       1.2900000000001377e-01
   &INT_BF [&Type "Double"]       1.5687000000000427e+01
   &INT_DENS [&Type "Double"]       3.5722999999999310e+01
   &INT_DENSIO [&Type "Double"]       1.7096356859999998e+06
   &INT_FUNC [&Type "Double"]       3.3589999999998796e+00
   &INT_POT [&Type "Double"]       4.1530000000000022e+01
   &INT_POTIO [&Type "Double"]       6.1800000000000521e-01
   &INT_SUM [&Type "Double"]       2.9999999999859028e-03
   &SPLITRIJ [&Type "Double"]       3.7235000000000042e+01
$End
$VdW_Correction
   &GeometryIndex 1
   &vdW [&Type "Double"]      -2.9877216970524090e-02
$End
$gCP_Energy
   &GeometryIndex 1
   &gCP_Energy [&Type "Double"]       4.1702030299999998e-02
$End
$Single_Point_Data
   &GeometryIndex 1
   &FinalEnergy [&Type "Double"]      -1.5416606336352252e+03  "Final single point energy"
   &Converged [&Type "Boolean"] true
$End
$Calculation_Info
   &GeometryIndex 1
   &Mult [&Type "Integer"] 1
   &Charge [&Type "Integer"] 0
   &NumOfAtoms [&Type "Integer"] 59
   &NumOfElectrons [&Type "Integer"] 242
   &NumOfBasisFuncts [&Type "Integer"] 816
   &NumOfAuxCBasisFuncts [&Type "Integer"] 0
   &NumOfAuxJBasisFuncts [&Type "Integer"] 1295
   &NumOfAuxJKBasisFuncts [&Type "Integer"] 0
   &NumOfCABSBasisFuncts [&Type "Integer"] 0
$End
$SCF_Dipole_Moment
   &GeometryIndex 1
   &dipoleMagnitude [&Type "Double", &Units "a.u."]       1.8309418177408030e+00
   &dipoleElecContrib [&Type "ArrayOfDoubles", &Dim (3,1)] "Electronic contribution"
                                                         0

0                                      1.0097286402033300e+01
1                                      1.4808427456930241e+01
2                                     -2.5432349358941543e+01
   &dipoleNucContrib [&Type "ArrayOfDoubles", &Dim (3,1)] "Nuclear contribution"
                                                         0

0                                     -1.0516630867751566e+01
1                                     -1.4788494670534874e+01
2                                      2.7214511204299583e+01
   &dipoleTotal [&Type "ArrayOfDoubles", &Dim (3,1)] "Total"
                                                         0

0                                     -4.1934446571826633e-01
1                                      1.9932786395367330e-02
2                                      1.7821618453580399e+00
   &doAtomicDipole [&Type "Boolean"] false
   &Method [&Type "String"] "SCF"
   &Level [&Type "String"] "Relaxed density"
   &Mult [&Type "Integer"] 1
   &State [&Type "Integer"] -1
   &Irrep [&Type "Integer"] 0
$End
$Calculation_Timings
   &GeometryIndex 1
   &GTOINT [&Type "Double"]       5.7250000000000005e+00
   &SCF [&Type "Double"]       1.5498999999999998e+02
   &PROP [&Type "Double"]       4.4199999999997885e-01
   &SUM [&Type "Double"]       1.6115699999999995e+02
$End
