*************************************************
******************* ORCA 6.1.1 ******************
*************************************************
$Calculation_Status
   &GeometryIndex 1
   &version [&Type "String"] "6.1.1"
   &progName [&Type "String"] "LeanSCF"
   &Status [&Type "String"] "NORMAL TERMINATION"
$End
$Geometry
   &GeometryIndex 1
   &NAtoms [&Type "Integer"] 59
   &NCorelessECP [&Type "Integer"] 0
   &NGhostAtoms [&Type "Integer"] 0
   &CartesianCoordinates [&Type "Coordinates", &Dim(59,4), &Units "Bohr"] 
              C     44.907982859548  -33.315217895789   -0.063205670001
              C     45.755213225800  -34.923629948784    2.171833899824
              C     48.216470021390  -36.375009539503    1.845236311550
              N     49.869247174832  -35.571184292821   -0.016714627655
              C     49.155680917484  -33.737577355899   -1.992479992453
              C     47.176729474424  -31.871060838355   -1.081499715074
              C     52.252788983165  -36.792984834982   -0.312046697042
              C     53.815768240448  -37.223180989369    1.774241190425
              C     56.155765089477  -38.347677643168    1.468685702653
              C     57.001672647435  -39.053187998006   -0.931619866214
              C     55.457868441232  -38.604308121333   -3.016191882352
              C     53.094556151163  -37.497504973326   -2.705757121702
              N     59.382852298100  -40.268170408276   -1.233603771593
              C     59.584841345103  -42.277319674956   -3.168645538206
              C     61.472821372076  -44.325157304777   -2.422071434478
              C     63.864029799335  -43.058865050519   -1.661711778602
              C     63.826737943808  -40.653408088211   -0.644162285627
              C     61.525540951761  -39.160679399956   -0.192321208101
              O     48.718454981879  -38.116545239728    3.277484314889
              O     61.478639838843  -37.190698486853    1.021128634273
              C     66.427509440414  -43.729963492458   -1.729326179674
              N     67.877314889263  -41.852513019503   -0.823351786823
              N     66.293554313685  -40.000689122650   -0.149377181708
              C     67.331344663281  -37.705590276837    0.822495740885
              C     67.529592052538  -46.133131996418   -2.642961522272
              N     70.093578140221  -46.264545441497   -2.543614839959
              O     66.183364382816  -47.843434303102   -3.442623702280
              C     66.518486525679  -36.728567850529    3.129103018854
              C     67.613958875787  -34.550329668837    4.061771683072
              C     69.539113595267  -33.339308124545    2.711904400815
              C     70.368763839295  -34.338043504131    0.414532214463
              C     69.251202480407  -36.527412172751   -0.519398786813
              O     70.484195870459  -31.208963161991    3.800072959416
              C     72.457408215251  -29.914207852704    2.506665024863
              H     44.135360770790  -34.525680081146   -1.562750600421
              H     43.390192623305  -32.029514374684    0.513657798818
              H     46.056121877009  -33.717533030797    3.836327355295
              H     44.334275233373  -36.319377891846    2.724724302908
              H     50.884081131353  -32.755671877261   -2.573880693720
              H     48.417497197791  -34.736256043702   -3.664802583298
              H     47.977980914111  -30.662987266831    0.403876048794
              H     46.650563578326  -30.644326221258   -2.665570205738
              H     53.175392965994  -36.698101685798    3.645279822608
              H     57.350455620520  -38.673150844392    3.099099837025
              H     56.086225057475  -39.106393237307   -4.903125001047
              H     51.914709418901  -37.195284852180   -4.355391660582
              H     57.699605200476  -43.089635461157   -3.403145433616
              H     60.162901010565  -41.448570830294   -4.989224703161
              H     60.733360197516  -45.458316463173   -0.847092416244
              H     61.790525909164  -45.618563349604   -4.000982972796
              H     71.099362198287  -44.860590417836   -1.743691877744
              H     70.935033503407  -47.899719796001   -3.024710767763
              H     65.025999722369  -37.663417258706    4.171037537861
              H     67.010435150670  -33.750557884713    5.850418255816
              H     71.856889154687  -33.440612563132   -0.667436152692
              H     69.875341227919  -37.326819239732   -2.301599503714
              H     71.828894751739  -29.245541488299    0.645165730204
              H     72.935261373010  -28.293582499706    3.688369357914
              H     74.132092963763  -31.119546990512    2.282834523204
$End
$SCF_Mulliken_Population_Analysis
   &GeometryIndex 1
   &NAtoms [&Type "Integer"] 59
   &ATNO [&Type "ArrayOfIntegers", &Dim (59,1)] 
                                                         0

0                                                        6
1                                                        6
2                                                        6
3                                                        7
4                                                        6
5                                                        6
6                                                        6
7                                                        6
8                                                        6
9                                                        6
10                                                       6
11                                                       6
12                                                       7
13                                                       6
14                                                       6
15                                                       6
16                                                       6
17                                                       6
18                                                       8
19                                                       8
20                                                       6
21                                                       7
22                                                       7
23                                                       6
24                                                       6
25                                                       7
26                                                       8
27                                                       6
28                                                       6
29                                                       6
30                                                       6
31                                                       6
32                                                       8
33                                                       6
34                                                       1
35                                                       1
36                                                       1
37                                                       1
38                                                       1
39                                                       1
40                                                       1
41                                                       1
42                                                       1
43                                                       1
44                                                       1
45                                                       1
46                                                       1
47                                                       1
48                                                       1
49                                                       1
50                                                       1
51                                                       1
52                                                       1
53                                                       1
54                                                       1
55                                                       1
56                                                       1
57                                                       1
58                                                       1
   &AtomicCharges [&Type "ArrayOfDoubles", &Dim (59,1)] 
                                                         0

0                                     -2.6558831315792197e-01
1                                     -3.6839764572302158e-01
2                                      2.4779698880680101e-01
3                                      2.4687908071243925e-01
4                                     -2.8695470281564361e-01
5                                     -3.3927278006669326e-01
6                                      7.1078405437326353e-02
7                                     -3.3109268767080291e-01
8                                     -3.2275911874182839e-01
9                                      3.6221400502236989e-02
10                                    -2.7533041473129227e-01
11                                    -2.8822647788679046e-01
12                                     3.1089302179108991e-01
13                                    -2.9597108285013540e-01
14                                    -4.9102915797089697e-01
15                                     9.2826676526440721e-03
16                                    -1.4708542275481129e-02
17                                    -3.3277399610327940e-02
18                                    -4.6192233600196531e-01
19                                    -4.3332350146915921e-01
20                                     3.0432804256081081e-01
21                                    -5.3707599679554008e-01
22                                     8.9891402499685924e-01
23                                    -1.6438638350980028e-02
24                                     2.6520065264497461e-02
25                                    -4.3752762356343311e-01
26                                    -4.3019854500333388e-01
27                                    -2.3875473898387245e-01
28                                    -3.7036741626708114e-01
29                                     3.2459028779023935e-01
30                                    -2.4860793671784442e-01
31                                    -3.0586024121040900e-01
32                                    -1.8688333655965650e-01
33                                    -3.5088412224872023e-01
34                                     1.6589884934726884e-01
35                                     1.6669523420618082e-01
36                                     1.9341370679352443e-01
37                                     1.8525013565439818e-01
38                                     1.8130503523518815e-01
39                                     1.7857798353362897e-01
40                                     1.7371811862914088e-01
41                                     1.7306132576054112e-01
42                                     1.8971363438489153e-01
43                                     1.8740260276684828e-01
44                                     1.8285948948269215e-01
45                                     1.8207835758584823e-01
46                                     1.8630250400001414e-01
47                                     1.9730494699122314e-01
48                                     2.0560643120132327e-01
49                                     2.0441673530397431e-01
50                                     3.1284698467846117e-01
51                                     2.9665412373687272e-01
52                                     1.9633931632406476e-01
53                                     1.9026961531993913e-01
54                                     1.9295650315284074e-01
55                                     1.9127157133334705e-01
56                                     1.7349717133066833e-01
57                                     1.7373357764815145e-01
58                                     1.7277481675681394e-01
   &Method [&Type "String"] "SCF"
   &Level [&Type "String"] "Relaxed density"
   &Mult [&Type "Integer"] 1
   &State [&Type "Integer"] -1
   &Irrep [&Type "Integer"] 0
$End
$SCF_Loewdin_Population_Analysis
   &GeometryIndex 1
   &NAtoms [&Type "Integer"] 59
   &ATNO [&Type "ArrayOfIntegers", &Dim (59,1)] 
                                                         0

0                                                        6
1                                                        6
2                                                        6
3                                                        7
4                                                        6
5                                                        6
6                                                        6
7                                                        6
8                                                        6
9                                                        6
10                                                       6
11                                                       6
12                                                       7
13                                                       6
14                                                       6
15                                                       6
16                                                       6
17                                                       6
18                                                       8
19                                                       8
20                                                       6
21                                                       7
22                                                       7
23                                                       6
24                                                       6
25                                                       7
26                                                       8
27                                                       6
28                                                       6
29                                                       6
30                                                       6
31                                                       6
32                                                       8
33                                                       6
34                                                       1
35                                                       1
36                                                       1
37                                                       1
38                                                       1
39                                                       1
40                                                       1
41                                                       1
42                                                       1
43                                                       1
44                                                       1
45                                                       1
46                                                       1
47                                                       1
48                                                       1
49                                                       1
50                                                       1
51                                                       1
52                                                       1
53                                                       1
54                                                       1
55                                                       1
56                                                       1
57                                                       1
58                                                       1
   &AtomicCharges [&Type "ArrayOfDoubles", &Dim (59,1)] 
                                                         0

0                                     -2.9051196939720381e-01
1                                     -2.3364842649118867e-01
2                                      3.5895372944600901e-01
3                                     -7.4647291713443575e-01
4                                     -1.1329161202938032e-02
5                                     -2.6853848287398829e-01
6                                      1.3784875286058007e-01
7                                     -1.1044499003396346e-01
8                                     -1.1157851726005497e-01
9                                      1.3596709817068930e-01
10                                    -1.2901282282894133e-01
11                                    -1.2982176201808304e-01
12                                    -7.3724335653589712e-01
13                                     3.9420863788892646e-03
14                                    -2.2563340760105621e-01
15                                     3.1108987524688381e-02
16                                     2.5494911837302769e-01
17                                     4.0018022011705678e-01
18                                    -5.0019353481482476e-01
19                                    -4.6729870799187978e-01
20                                     2.1026409228154996e-01
21                                    -3.4802102564844084e-01
22                                    -5.6652944615463241e-01
23                                     1.4998811600341977e-01
24                                     3.4227523272949512e-01
25                                    -4.6238873040180817e-01
26                                    -4.9171251578677655e-01
27                                    -8.6523454528764532e-02
28                                    -1.3697285324039221e-01
29                                     1.8786579063461595e-01
30                                    -1.6746461528817491e-01
31                                    -9.7567173385530559e-02
32                                    -6.8309584576860694e-01
33                                    -5.4065652390253405e-02
34                                     1.6439805020569453e-01
35                                     1.6427218778279917e-01
36                                     1.9024085084455478e-01
37                                     1.8441307368023407e-01
38                                     1.9631697066549436e-01
39                                     1.8185493781761175e-01
40                                     1.6678162078527070e-01
41                                     1.7083563182806993e-01
42                                     1.9635220847934032e-01
43                                     1.9465434134453585e-01
44                                     1.9265687733937331e-01
45                                     1.9215071650041371e-01
46                                     2.0446707192498725e-01
47                                     1.8821026373620775e-01
48                                     1.8579841766620186e-01
49                                     1.9256642399640933e-01
50                                     2.8032368383349537e-01
51                                     2.7475417956740578e-01
52                                     1.9994735462367585e-01
53                                     1.9438225473538062e-01
54                                     1.9487856312783514e-01
55                                     1.9618695525722674e-01
56                                     1.7490760224103941e-01
57                                     1.8641288087070707e-01
58                                     1.7496302540379749e-01
   &Method [&Type "String"] "SCF"
   &Level [&Type "String"] "Relaxed density"
   &Mult [&Type "Integer"] 1
   &State [&Type "Integer"] -1
   &Irrep [&Type "Integer"] 0
$End
$SCF_Mayer_Population_Analysis
   &GeometryIndex 1
   &NAtoms [&Type "Integer"] 59 "Total number of atoms"
   &NBondOrdersPrint [&Type "Integer"] 67 "The number of bond orders larger than threshold"
   &bondThresh [&Type "Double"]       1.0000000000000001e-01  "The threshold for printing"
   &components [&Type "ArrayOfIntegers", &Dim (67,4)] "The indices and atomic numbers of the bonding atoms"
                                                         0                           1                           2                           3

0                                                        0                           6                           1                           6
1                                                        0                           6                           5                           6
2                                                        0                           6                          34                           1
3                                                        0                           6                          35                           1
4                                                        1                           6                           2                           6
5                                                        1                           6                          36                           1
6                                                        1                           6                          37                           1
7                                                        2                           6                           3                           7
8                                                        2                           6                          18                           8
9                                                        3                           7                           4                           6
10                                                       3                           7                           6                           6
11                                                       4                           6                           5                           6
12                                                       4                           6                          38                           1
13                                                       4                           6                          39                           1
14                                                       5                           6                          40                           1
15                                                       5                           6                          41                           1
16                                                       6                           6                           7                           6
17                                                       6                           6                           9                           6
18                                                       6                           6                          11                           6
19                                                       7                           6                           8                           6
20                                                       7                           6                          42                           1
21                                                       8                           6                           9                           6
22                                                       8                           6                          43                           1
23                                                       9                           6                          10                           6
24                                                       9                           6                          12                           7
25                                                      10                           6                          11                           6
26                                                      10                           6                          44                           1
27                                                      11                           6                          45                           1
28                                                      12                           7                          13                           6
29                                                      12                           7                          17                           6
30                                                      13                           6                          14                           6
31                                                      13                           6                          46                           1
32                                                      13                           6                          47                           1
33                                                      14                           6                          15                           6
34                                                      14                           6                          48                           1
35                                                      14                           6                          49                           1
36                                                      15                           6                          16                           6
37                                                      15                           6                          20                           6
38                                                      15                           6                          21                           7
39                                                      16                           6                          17                           6
40                                                      16                           6                          21                           7
41                                                      16                           6                          22                           7
42                                                      17                           6                          19                           8
43                                                      20                           6                          21                           7
44                                                      20                           6                          24                           6
45                                                      21                           7                          22                           7
46                                                      21                           7                          23                           6
47                                                      22                           7                          23                           6
48                                                      23                           6                          27                           6
49                                                      23                           6                          31                           6
50                                                      24                           6                          25                           7
51                                                      24                           6                          26                           8
52                                                      25                           7                          50                           1
53                                                      25                           7                          51                           1
54                                                      27                           6                          28                           6
55                                                      27                           6                          52                           1
56                                                      28                           6                          29                           6
57                                                      28                           6                          53                           1
58                                                      29                           6                          30                           6
59                                                      29                           6                          32                           8
60                                                      30                           6                          31                           6
61                                                      30                           6                          54                           1
62                                                      31                           6                          55                           1
63                                                      32                           8                          33                           6
64                                                      33                           6                          56                           1
65                                                      33                           6                          57                           1
66                                                      33                           6                          58                           1
   &BondOrders [&Type "ArrayOfDoubles", &Dim (67,1)] "The bond orders"
                                                         0

0                                      8.9474621915416452e-01
1                                      8.7939693491356019e-01
2                                      9.8074027323210644e-01
3                                      9.5568729651838380e-01
4                                      9.2245533853472506e-01
5                                      9.3878431180781752e-01
6                                      9.5712395398736305e-01
7                                      1.1566106359974766e+00
8                                      1.8219610470470240e+00
9                                      8.7330779220305588e-01
10                                     9.4475004906653148e-01
11                                     9.3867132733801406e-01
12                                     9.3196629246620710e-01
13                                     9.3154544912249093e-01
14                                     9.9458469947875228e-01
15                                     9.5134636413876961e-01
16                                     1.3473405054438143e+00
17                                     1.2501487000270511e-01
18                                     1.3198375839354335e+00
19                                     1.3770795361931751e+00
20                                     9.4433586279974324e-01
21                                     1.3593552044464445e+00
22                                     9.4464933014661645e-01
23                                     1.3326074711409484e+00
24                                     9.7552622480156237e-01
25                                     1.2659982844642224e+00
26                                     9.6093949783961630e-01
27                                     9.5338462046244166e-01
28                                     8.0766147756439222e-01
29                                     1.1579448375998105e+00
30                                     9.0818993501143797e-01
31                                     9.3534748676948687e-01
32                                     9.3820351770249721e-01
33                                     8.2346022913501971e-01
34                                     9.8503689399320438e-01
35                                     9.9205097578562951e-01
36                                     1.1964233562575699e+00
37                                     1.1736091929848802e+00
38                                    -2.0763441100757657e-01
39                                     9.5295774555965063e-01
40                                     3.1320914597515775e-01
41                                     1.2601852226230372e+00
42                                     1.8986611604740322e+00
43                                     1.4780957454939097e+00
44                                     9.4777844054248861e-01
45                                     1.1677413524408153e+00
46                                     1.0427083052306460e-01
47                                     8.9203221330525773e-01
48                                     1.3768540095932020e+00
49                                     1.3354698843521877e+00
50                                     1.1068608602536374e+00
51                                     1.9650524384600456e+00
52                                     8.8136928720094909e-01
53                                     8.9952244183282004e-01
54                                     1.3780993501758969e+00
55                                     9.2337210555399329e-01
56                                     1.3425899540341930e+00
57                                     9.5091857758356535e-01
58                                     1.3412281215553061e+00
59                                     1.0675292015033735e+00
60                                     1.3172775226396976e+00
61                                     9.2196242918897819e-01
62                                     9.6685305471321081e-01
63                                     8.4822805107679300e-01
64                                     9.5415926986702149e-01
65                                     9.6127340743613410e-01
66                                     9.5286901077104125e-01
   &ATNO [&Type "ArrayOfIntegers", &Dim (59,1)] "Atomic number of the elements"
                                                         0

0                                                        6
1                                                        6
2                                                        6
3                                                        7
4                                                        6
5                                                        6
6                                                        6
7                                                        6
8                                                        6
9                                                        6
10                                                       6
11                                                       6
12                                                       7
13                                                       6
14                                                       6
15                                                       6
16                                                       6
17                                                       6
18                                                       8
19                                                       8
20                                                       6
21                                                       7
22                                                       7
23                                                       6
24                                                       6
25                                                       7
26                                                       8
27                                                       6
28                                                       6
29                                                       6
30                                                       6
31                                                       6
32                                                       8
33                                                       6
34                                                       1
35                                                       1
36                                                       1
37                                                       1
38                                                       1
39                                                       1
40                                                       1
41                                                       1
42                                                       1
43                                                       1
44                                                       1
45                                                       1
46                                                       1
47                                                       1
48                                                       1
49                                                       1
50                                                       1
51                                                       1
52                                                       1
53                                                       1
54                                                       1
55                                                       1
56                                                       1
57                                                       1
58                                                       1
   &NA [&Type "ArrayOfDoubles", &Dim (59,1)] "Mulliken gross atomic population"
                                                         0

0                                      6.2655883131579175e+00
1                                      6.3683976457230287e+00
2                                      5.7522030111931999e+00
3                                      6.7531209192875625e+00
4                                      6.2869547028156427e+00
5                                      6.3392727800666986e+00
6                                      5.9289215945626665e+00
7                                      6.3310926876708038e+00
8                                      6.3227591187418302e+00
9                                      5.9637785994977701e+00
10                                     6.2753304147312923e+00
11                                     6.2882264778867967e+00
12                                     6.6891069782089012e+00
13                                     6.2959710828501336e+00
14                                     6.4910291579708952e+00
15                                     5.9907173323473550e+00
16                                     6.0147085422754776e+00
17                                     6.0332773996103191e+00
18                                     8.4619223360019760e+00
19                                     8.4333235014691574e+00
20                                     5.6956719574391919e+00
21                                     7.5370759967955330e+00
22                                     6.1010859750031559e+00
23                                     6.0164386383509756e+00
24                                     5.9734799347355043e+00
25                                     7.4375276235634420e+00
26                                     8.4301985450033392e+00
27                                     6.2387547389838716e+00
28                                     6.3703674162670847e+00
29                                     5.6754097122097642e+00
30                                     6.2486079367178569e+00
31                                     6.3058602412104081e+00
32                                     8.1868833365596529e+00
33                                     6.3508841222487193e+00
34                                     8.3410115065273094e-01
35                                     8.3330476579381918e-01
36                                     8.0658629320647535e-01
37                                     8.1474986434560148e-01
38                                     8.1869496476481141e-01
39                                     8.2142201646637081e-01
40                                     8.2628188137085889e-01
41                                     8.2693867423945877e-01
42                                     8.1028636561510903e-01
43                                     8.1259739723315172e-01
44                                     8.1714051051730785e-01
45                                     8.1792164241415177e-01
46                                     8.1369749599998609e-01
47                                     8.0269505300877741e-01
48                                     7.9439356879867662e-01
49                                     7.9558326469602558e-01
50                                     6.8715301532153938e-01
51                                     7.0334587626312728e-01
52                                     8.0366068367593524e-01
53                                     8.0973038468006053e-01
54                                     8.0704349684715926e-01
55                                     8.0872842866665307e-01
56                                     8.2650282866933156e-01
57                                     8.2626642235184833e-01
58                                     8.2722518324318595e-01
   &ZA [&Type "ArrayOfDoubles", &Dim (59,1)] "Total nuclear charge"
                                                         0

0                                      6.0000000000000000e+00
1                                      6.0000000000000000e+00
2                                      6.0000000000000000e+00
3                                      7.0000000000000000e+00
4                                      6.0000000000000000e+00
5                                      6.0000000000000000e+00
6                                      6.0000000000000000e+00
7                                      6.0000000000000000e+00
8                                      6.0000000000000000e+00
9                                      6.0000000000000000e+00
10                                     6.0000000000000000e+00
11                                     6.0000000000000000e+00
12                                     7.0000000000000000e+00
13                                     6.0000000000000000e+00
14                                     6.0000000000000000e+00
15                                     6.0000000000000000e+00
16                                     6.0000000000000000e+00
17                                     6.0000000000000000e+00
18                                     8.0000000000000000e+00
19                                     8.0000000000000000e+00
20                                     6.0000000000000000e+00
21                                     7.0000000000000000e+00
22                                     7.0000000000000000e+00
23                                     6.0000000000000000e+00
24                                     6.0000000000000000e+00
25                                     7.0000000000000000e+00
26                                     8.0000000000000000e+00
27                                     6.0000000000000000e+00
28                                     6.0000000000000000e+00
29                                     6.0000000000000000e+00
30                                     6.0000000000000000e+00
31                                     6.0000000000000000e+00
32                                     8.0000000000000000e+00
33                                     6.0000000000000000e+00
34                                     1.0000000000000000e+00
35                                     1.0000000000000000e+00
36                                     1.0000000000000000e+00
37                                     1.0000000000000000e+00
38                                     1.0000000000000000e+00
39                                     1.0000000000000000e+00
40                                     1.0000000000000000e+00
41                                     1.0000000000000000e+00
42                                     1.0000000000000000e+00
43                                     1.0000000000000000e+00
44                                     1.0000000000000000e+00
45                                     1.0000000000000000e+00
46                                     1.0000000000000000e+00
47                                     1.0000000000000000e+00
48                                     1.0000000000000000e+00
49                                     1.0000000000000000e+00
50                                     1.0000000000000000e+00
51                                     1.0000000000000000e+00
52                                     1.0000000000000000e+00
53                                     1.0000000000000000e+00
54                                     1.0000000000000000e+00
55                                     1.0000000000000000e+00
56                                     1.0000000000000000e+00
57                                     1.0000000000000000e+00
58                                     1.0000000000000000e+00
   &QA [&Type "ArrayOfDoubles", &Dim (59,1)] "Mulliken gross atomic charge"
                                                         0

0                                     -2.6558831315791753e-01
1                                     -3.6839764572302869e-01
2                                      2.4779698880680012e-01
3                                      2.4687908071243747e-01
4                                     -2.8695470281564273e-01
5                                     -3.3927278006669859e-01
6                                      7.1078405437333458e-02
7                                     -3.3109268767080380e-01
8                                     -3.2275911874183016e-01
9                                      3.6221400502229884e-02
10                                    -2.7533041473129227e-01
11                                    -2.8822647788679667e-01
12                                     3.1089302179109879e-01
13                                    -2.9597108285013363e-01
14                                    -4.9102915797089519e-01
15                                     9.2826676526449603e-03
16                                    -1.4708542275477576e-02
17                                    -3.3277399610319058e-02
18                                    -4.6192233600197596e-01
19                                    -4.3332350146915743e-01
20                                     3.0432804256080814e-01
21                                    -5.3707599679553297e-01
22                                     8.9891402499684414e-01
23                                    -1.6438638350975587e-02
24                                     2.6520065264495685e-02
25                                    -4.3752762356344199e-01
26                                    -4.3019854500333921e-01
27                                    -2.3875473898387156e-01
28                                    -3.7036741626708469e-01
29                                     3.2459028779023580e-01
30                                    -2.4860793671785686e-01
31                                    -3.0586024121040811e-01
32                                    -1.8688333655965295e-01
33                                    -3.5088412224871934e-01
34                                     1.6589884934726906e-01
35                                     1.6669523420618082e-01
36                                     1.9341370679352465e-01
37                                     1.8525013565439852e-01
38                                     1.8130503523518859e-01
39                                     1.7857798353362919e-01
40                                     1.7371811862914111e-01
41                                     1.7306132576054123e-01
42                                     1.8971363438489097e-01
43                                     1.8740260276684828e-01
44                                     1.8285948948269215e-01
45                                     1.8207835758584823e-01
46                                     1.8630250400001391e-01
47                                     1.9730494699122259e-01
48                                     2.0560643120132338e-01
49                                     2.0441673530397442e-01
50                                     3.1284698467846062e-01
51                                     2.9665412373687272e-01
52                                     1.9633931632406476e-01
53                                     1.9026961531993947e-01
54                                     1.9295650315284074e-01
55                                     1.9127157133334693e-01
56                                     1.7349717133066844e-01
57                                     1.7373357764815167e-01
58                                     1.7277481675681405e-01
   &VA [&Type "ArrayOfDoubles", &Dim (59,1)] "Mayer's total valence"
                                                         0

0                                      3.5999138332973555e+00
1                                      3.7146231802562899e+00
2                                      3.9151972188563313e+00
3                                      3.1360582712439973e+00
4                                      3.7167574675642849e+00
5                                      3.7260624485435736e+00
6                                      3.6768395430456322e+00
7                                      3.7736481682561887e+00
8                                      3.7586455095071827e+00
9                                      3.7146723794048628e+00
10                                     3.5899360893887100e+00
11                                     3.5791961070941429e+00
12                                     3.1039728549018060e+00
13                                     3.6783680163154990e+00
14                                     3.6938567259259520e+00
15                                     3.0478434421317937e+00
16                                     3.6926357692096596e+00
17                                     3.9489985481877272e+00
18                                     1.9896874235888422e+00
19                                     2.0409005088376126e+00
20                                     3.5374132191339993e+00
21                                     3.1321176495888690e+00
22                                     3.3997098079430583e+00
23                                     3.7323815454839311e+00
24                                     4.1654385415504747e+00
25                                     2.9677461055415177e+00
26                                     2.0148372384383668e+00
27                                     3.7643615915383370e+00
28                                     3.7588818353773901e+00
29                                     3.7604508681336917e+00
30                                     3.6423716649291942e+00
31                                     3.6891756462482270e+00
32                                     2.0021257252744871e+00
33                                     3.7314996318343923e+00
34                                     9.6017364458629140e-01
35                                     9.5648540186753628e-01
36                                     9.4937489152672372e-01
37                                     9.5198966926277484e-01
38                                     9.4441997334391425e-01
39                                     9.4303546982604125e-01
40                                     9.5855728453778932e-01
41                                     9.5466552895442758e-01
42                                     9.5499308952835382e-01
43                                     9.5507209109543900e-01
44                                     9.6030745074899604e-01
45                                     9.6100363090387619e-01
46                                     9.4663255224745069e-01
47                                     9.3146319328200633e-01
48                                     9.4058722154920049e-01
49                                     9.4594023672164917e-01
50                                     9.0348023942594358e-01
51                                     9.1760105297770389e-01
52                                     9.5186422616141841e-01
53                                     9.5827415671249649e-01
54                                     9.5555654546037982e-01
55                                     9.5654688699010126e-01
56                                     9.4805438537309494e-01
57                                     9.5203645885751242e-01
58                                     9.4829089286119250e-01
   &BVA [&Type "ArrayOfDoubles", &Dim (59,1)] "Mayer's bonded valence"
                                                         0

0                                      3.5999138332974110e+00
1                                      3.7146231802562557e+00
2                                      3.9151972188563731e+00
3                                      3.1360582712440142e+00
4                                      3.7167574675642547e+00
5                                      3.7260624485436544e+00
6                                      3.6768395430456455e+00
7                                      3.7736481682563325e+00
8                                      3.7586455095072600e+00
9                                      3.7146723794048246e+00
10                                     3.5899360893885666e+00
11                                     3.5791961070938663e+00
12                                     3.1039728549018548e+00
13                                     3.6783680163155386e+00
14                                     3.6938567259259698e+00
15                                     3.0478434421317213e+00
16                                     3.6926357692096805e+00
17                                     3.9489985481876939e+00
18                                     1.9896874235888466e+00
19                                     2.0409005088376597e+00
20                                     3.5374132191340624e+00
21                                     3.1321176495889036e+00
22                                     3.3997098079429797e+00
23                                     3.7323815454839129e+00
24                                     4.1654385415504187e+00
25                                     2.9677461055414538e+00
26                                     2.0148372384384015e+00
27                                     3.7643615915384041e+00
28                                     3.7588818353773168e+00
29                                     3.7604508681336757e+00
30                                     3.6423716649291218e+00
31                                     3.6891756462482981e+00
32                                     2.0021257252744835e+00
33                                     3.7314996318343887e+00
34                                     9.6017364458629928e-01
35                                     9.5648540186754472e-01
36                                     9.4937489152671117e-01
37                                     9.5198966926277284e-01
38                                     9.4441997334389949e-01
39                                     9.4303546982603270e-01
40                                     9.5855728453779721e-01
41                                     9.5466552895443690e-01
42                                     9.5499308952840334e-01
43                                     9.5507209109546931e-01
44                                     9.6030745074898161e-01
45                                     9.6100363090381280e-01
46                                     9.4663255224745513e-01
47                                     9.3146319328201932e-01
48                                     9.4058722154920860e-01
49                                     9.4594023672165484e-01
50                                     9.0348023942593547e-01
51                                     9.1760105297769778e-01
52                                     9.5186422616144051e-01
53                                     9.5827415671246841e-01
54                                     9.5555654546038193e-01
55                                     9.5654688699012580e-01
56                                     9.4805438537309539e-01
57                                     9.5203645885750965e-01
58                                     9.4829089286118873e-01
   &FA [&Type "ArrayOfDoubles", &Dim (59,1)] "Mayer's free valence"
                                                         0

0                                      0.0000000000000000e+00
1                                      0.0000000000000000e+00
2                                      0.0000000000000000e+00
3                                      0.0000000000000000e+00
4                                      0.0000000000000000e+00
5                                      0.0000000000000000e+00
6                                      0.0000000000000000e+00
7                                      0.0000000000000000e+00
8                                      0.0000000000000000e+00
9                                      0.0000000000000000e+00
10                                     0.0000000000000000e+00
11                                     0.0000000000000000e+00
12                                     0.0000000000000000e+00
13                                     0.0000000000000000e+00
14                                     0.0000000000000000e+00
15                                     0.0000000000000000e+00
16                                     0.0000000000000000e+00
17                                     0.0000000000000000e+00
18                                     0.0000000000000000e+00
19                                     0.0000000000000000e+00
20                                     0.0000000000000000e+00
21                                     0.0000000000000000e+00
22                                     0.0000000000000000e+00
23                                     0.0000000000000000e+00
24                                     0.0000000000000000e+00
25                                     0.0000000000000000e+00
26                                     0.0000000000000000e+00
27                                     0.0000000000000000e+00
28                                     0.0000000000000000e+00
29                                     0.0000000000000000e+00
30                                     0.0000000000000000e+00
31                                     0.0000000000000000e+00
32                                     0.0000000000000000e+00
33                                     0.0000000000000000e+00
34                                     0.0000000000000000e+00
35                                     0.0000000000000000e+00
36                                     0.0000000000000000e+00
37                                     0.0000000000000000e+00
38                                     0.0000000000000000e+00
39                                     0.0000000000000000e+00
40                                     0.0000000000000000e+00
41                                     0.0000000000000000e+00
42                                     0.0000000000000000e+00
43                                     0.0000000000000000e+00
44                                     0.0000000000000000e+00
45                                     0.0000000000000000e+00
46                                     0.0000000000000000e+00
47                                     0.0000000000000000e+00
48                                     0.0000000000000000e+00
49                                     0.0000000000000000e+00
50                                     0.0000000000000000e+00
51                                     0.0000000000000000e+00
52                                     0.0000000000000000e+00
53                                     0.0000000000000000e+00
54                                     0.0000000000000000e+00
55                                     0.0000000000000000e+00
56                                     0.0000000000000000e+00
57                                     0.0000000000000000e+00
58                                     0.0000000000000000e+00
   &Method [&Type "String"] "SCF"
   &Level [&Type "String"] "Relaxed density"
   &Mult [&Type "Integer"] 1
   &State [&Type "Integer"] -1
   &Irrep [&Type "Integer"] 0
$End
$SCF_Energy
   &GeometryIndex 1
   &Method [&Type "String"] "SCF"
   &totalEnergy [&Type "ArrayOfDoubles", &Dim (1,1)] "Total energy of each state"
                                                         0

0                                     -1.5421556827683860e+03
   &Mult [&Type "ArrayOfIntegers", &Dim (1,1)] "Multiplicity of each state"
                                                         0

0                                                        1
$End
$DFT_Energy
   &GeometryIndex 1
   &nAlphaEl [&Type "Integer"] 121
   &nBetaEl [&Type "Integer"] 121
   &nTotalEl [&Type "Integer"] 241
   &finalEn [&Type "Double"]      -1.5421556827683860e+03  "No Van der Waals correction"
   &eExchange [&Type "Double"]      -2.0557404640703169e+02
   &eCorr [&Type "Double"]      -7.9885023477264019e+00
   &eXC [&Type "Double"]      -2.1356254875475810e+02
   &eCNL [&Type "Double"]       0.0000000000000000e+00
$End
$Solvation_Details
   &GeometryIndex 1
   &Solvent [&Type "String"] "DIMETHYLSULFOXIDE"
   &Epsilon [&Type "Double"]       4.6826000000000001e+01
   &Refrac [&Type "Double"]       1.4170000000000000e+00
   &RSolv [&Type "Double"]       1.3000000000000000e+00
   &SurfaceType [&Type "String"] "GAUSSIAN VDW"
   &CPCMDielEnergy [&Type "Double"]      -4.4512620000000003e-02
   &NPoints [&Type "Integer"] 4344
   &SurfaceArea [&Type "Double"]       1.7785830191000000e+03
$End
$SCF_Timings
   &GeometryIndex 1
   &TOTAL [&Type "Double"]       2.1009500000000000e+02
   &PREP [&Type "Double"]       2.1150000000000002e+00
   &FOCK [&Type "Double"]       1.9403899999999999e+02
   &DENS [&Type "Double"]       7.3899999999997590e-01
   &ETOT [&Type "Double"]       3.0099999999994509e-01
   &POP [&Type "Double"]       3.5899999999998045e-01
   &TRAFO [&Type "Double"]       6.0200000000000387e-01
   &DIIS [&Type "Double"]       2.5870000000000033e+00
   &SOSCF [&Type "Double"]       2.6280000000000570e+00
   &XC [&Type "Double"]       9.8371000000000038e+01
   &FOCKSTART [&Type "Double"]       1.0900000000001331e-01
   &SOLV [&Type "Double"]       6.3513999999999953e+01
   &SOLV_INIT [&Type "Double"]       1.7110000000000001e+00
   &INT_BF [&Type "Double"]       1.5360999999999564e+01
   &INT_DENS [&Type "Double"]       3.6181000000000871e+01
   &INT_DENSIO [&Type "Double"]       2.1216814989999998e+06
   &INT_FUNC [&Type "Double"]       3.3819999999987420e+00
   &INT_POT [&Type "Double"]       3.7819000000001232e+01
   &INT_POTIO [&Type "Double"]       7.2700000000003584e-01
   &INT_SUM [&Type "Double"]       9.9999999997635314e-04
   &SPLITRIJ [&Type "Double"]       4.0190999999999981e+01
$End
$VdW_Correction
   &GeometryIndex 1
   &vdW [&Type "Double"]      -2.9183909276700695e-02
$End
$gCP_Energy
   &GeometryIndex 1
   &gCP_Energy [&Type "Double"]       3.8228256799999999e-02
$End
$Single_Point_Data
   &GeometryIndex 1
   &FinalEnergy [&Type "Double"]      -1.5421466384208627e+03  "Final single point energy"
   &Converged [&Type "Boolean"] true
$End
$Calculation_Info
   &GeometryIndex 1
   &Mult [&Type "Integer"] 1
   &Charge [&Type "Integer"] 0
   &NumOfAtoms [&Type "Integer"] 59
   &NumOfElectrons [&Type "Integer"] 242
   &NumOfBasisFuncts [&Type "Integer"] 816
   &NumOfAuxCBasisFuncts [&Type "Integer"] 0
   &NumOfAuxJBasisFuncts [&Type "Integer"] 1295
   &NumOfAuxJKBasisFuncts [&Type "Integer"] 0
   &NumOfCABSBasisFuncts [&Type "Integer"] 0
$End
$SCF_Dipole_Moment
   &GeometryIndex 1
   &dipoleMagnitude [&Type "Double", &Units "a.u."]       3.0924186956730377e+00
   &dipoleElecContrib [&Type "ArrayOfDoubles", &Dim (3,1)] "Electronic contribution"
                                                         0

0                                      2.1516687554503633e+01
1                                     -1.6581315491275333e+01
2                                      2.0853007073052692e+00
   &dipoleNucContrib [&Type "ArrayOfDoubles", &Dim (3,1)] "Nuclear contribution"
                                                         0

0                                     -2.1063710659827706e+01
1                                      1.8887130125068463e+01
2                                     -4.0955455174772393e+00
   &dipoleTotal [&Type "ArrayOfDoubles", &Dim (3,1)] "Total"
                                                         0

0                                      4.5297689467592761e-01
1                                      2.3058146337931298e+00
2                                     -2.0102448101719701e+00
   &doAtomicDipole [&Type "Boolean"] false
   &Method [&Type "String"] "SCF"
   &Level [&Type "String"] "Relaxed density"
   &Mult [&Type "Integer"] 1
   &State [&Type "Integer"] -1
   &Irrep [&Type "Integer"] 0
$End
$Calculation_Timings
   &GeometryIndex 1
   &GTOINT [&Type "Double"]       3.8490000000000002e+00
   &SCF [&Type "Double"]       2.2083199999999999e+02
   &PROP [&Type "Double"]       4.6299999999999386e-01
   &SUM [&Type "Double"]       2.2514399999999998e+02
$End
