*************************************************
******************* ORCA 6.1.1 ******************
*************************************************
$Calculation_Status
   &GeometryIndex 1
   &version [&Type "String"] "6.1.1"
   &progName [&Type "String"] "LeanSCF"
   &Status [&Type "String"] "NORMAL TERMINATION"
$End
$Geometry
   &GeometryIndex 1
   &NAtoms [&Type "Integer"] 59
   &NCorelessECP [&Type "Integer"] 0
   &NGhostAtoms [&Type "Integer"] 0
   &CartesianCoordinates [&Type "Coordinates", &Dim(59,4), &Units "Bohr"] 
              C     15.717541420047   72.084033064354   66.919173359266
              H     14.482401527874   71.055501805897   67.798879047074
              H     14.834541127005   73.537892882829   66.238062940399
              O     15.518593414825   70.309214997233   62.813186431030
              C     22.052596988237   51.468939199965   58.731577971477
              C     24.092254447157   51.356983112154   57.098815663411
              H     25.101894642578   49.919864396397   57.063437155595
              C     19.838648406128   49.639189401952   62.163886924909
              H     19.871691571491   48.162049007884   63.217512121260
              H     20.136345070930   51.112667695745   63.178863347883
              H     18.214567140873   49.773379780688   61.365343670641
              O     21.742237552070   49.444050971233   60.291204892393
              C     21.850555784793   65.234569381585   58.947119227244
              H     24.426505293992   68.018561826636   58.713442761099
              C     22.249861738802   65.063234697140   54.280427708285
              H     20.554977802131   64.667726242283   53.706939271443
              H     22.374423528248   66.883306054888   54.462076971504
              C     23.123306008038   61.324476472166   56.969193603118
              C     23.523485979281   60.103945731481   54.502806843580
              C     24.146959902241   61.369991338684   52.342042732682
              C     24.137709466048   64.183019104529   52.311421005696
              H     25.809534737666   64.824674044829   52.705043967405
              H     23.654623259783   64.795900281029   50.653685645516
              C     24.681081337493   59.481909266499   50.580252966651
              C     25.571178232470   59.809930177599   47.949460241332
              C     23.114174057674   55.467446064608   55.576351019500
              C     21.037467554137   55.557691051072   57.140437429531
              H     19.989861778029   56.969436527412   57.128842788069
              C     20.509853844361   53.556606568613   58.722064409817
              C     24.635271484726   53.346558085314   55.533242775906
              H     26.017748693732   53.270699980750   54.450185038326
              H     25.998138665489   57.824802051287   44.936639195766
              H     24.790500808120   56.482898339520   47.023673317187
              N     22.681559639650   63.863891906019   56.758111798671
              N     23.692610855780   57.578917160632   53.997994304775
              N     24.374748775438   57.177130789894   51.573823913686
              N     25.495519361732   57.757576083422   46.501617480943
              O     23.337092823164   60.246506652127   58.983092337388
              O     26.370511354466   61.857575830142   47.260025465462
              C     20.757214913483   69.986948850231   67.165930944347
              H     22.069006916449   71.152286284133   66.630496697452
              H     21.571462472225   68.413547129709   67.635364975336
              C     19.495576147624   71.037191228933   69.402506124525
              H     18.665104836489   69.674361143494   70.308076758490
              H     20.761677539543   71.753919527225   70.516185570194
              C     17.612411426299   72.996422964046   68.798098650085
              H     16.747737073694   73.498655932193   70.334833617588
              H     18.469579011912   74.471732307977   68.125907190550
              C     16.755921477580   70.576549432241   64.757814664937
              C     22.116513875566   68.873142603939   61.610317467635
              H     22.894885588367   70.391089441786   62.037237838461
              C     20.062129743089   68.038180301954   62.975808608725
              C     18.951465941282   65.771854029413   62.350292968957
              H     17.599911492636   65.172575007139   63.300755653501
              C     19.825268615976   64.387835994410   60.332826639616
              H     19.042469766172   62.873289699843   59.905608977075
              C     23.022325903147   67.462705025953   59.612770155657
              H     19.110660609303   53.618600943060   59.780743697612
              N     19.061247445641   69.509042799038   65.023302043827
$End
$SCF_Mulliken_Population_Analysis
   &GeometryIndex 1
   &NAtoms [&Type "Integer"] 59
   &ATNO [&Type "ArrayOfIntegers", &Dim (59,1)] 
                                                         0

0                                                        6
1                                                        1
2                                                        1
3                                                        8
4                                                        6
5                                                        6
6                                                        1
7                                                        6
8                                                        1
9                                                        1
10                                                       1
11                                                       8
12                                                       6
13                                                       1
14                                                       6
15                                                       1
16                                                       1
17                                                       6
18                                                       6
19                                                       6
20                                                       6
21                                                       1
22                                                       1
23                                                       6
24                                                       6
25                                                       6
26                                                       6
27                                                       1
28                                                       6
29                                                       6
30                                                       1
31                                                       1
32                                                       1
33                                                       7
34                                                       7
35                                                       7
36                                                       7
37                                                       8
38                                                       8
39                                                       6
40                                                       1
41                                                       1
42                                                       6
43                                                       1
44                                                       1
45                                                       6
46                                                       1
47                                                       1
48                                                       6
49                                                       6
50                                                       1
51                                                       6
52                                                       6
53                                                       1
54                                                       6
55                                                       1
56                                                       6
57                                                       1
58                                                       7
   &AtomicCharges [&Type "ArrayOfDoubles", &Dim (59,1)] 
                                                         0

0                                     -2.8187353968046303e-01
1                                      1.6210349675285896e-01
2                                      1.6153599126530749e-01
3                                     -4.4520445853699009e-01
4                                      3.9416348486593122e-01
5                                     -2.7008735864383215e-01
6                                      1.1342285356541781e-01
7                                     -2.2598220315426865e-01
8                                      1.3165590330726373e-01
9                                      1.4498695509831006e-01
10                                     1.3800492461282310e-01
11                                    -2.3563733773897333e-01
12                                     1.4481866468605276e-02
13                                     1.0479504553108232e-01
14                                    -1.9494670184500773e-01
15                                     1.5919476976190017e-01
16                                     1.3945565932947479e-01
17                                    -5.0233074111556419e-03
18                                    -1.9955941800784416e-03
19                                    -1.0564279574468394e-01
20                                    -3.3224952562160048e-01
21                                     1.7744671764980313e-01
22                                     1.7493235585053002e-01
23                                     2.7390991367585737e-01
24                                     1.4605584350259360e-01
25                                     3.4017466880200686e-02
26                                    -1.6764223095766617e-01
27                                     1.1237576141404770e-01
28                                    -2.5047274895346661e-01
29                                    -2.2303158324173022e-01
30                                     1.1886589737129549e-01
31                                     1.5528802220877846e-01
32                                     1.5428536798085313e-01
33                                     2.2923424389823044e-01
34                                     8.3890182716949813e-01
35                                    -5.0106356498210669e-01
36                                    -2.1636009151071711e-01
37                                    -4.2374318693738466e-01
38                                    -4.1688088250840316e-01
39                                    -1.5765779720386597e-01
40                                     1.3339567127466367e-01
41                                     1.4168898366629701e-01
42                                    -2.6291032477539655e-01
43                                     1.4734029608482269e-01
44                                     1.3735780586862945e-01
45                                    -2.3112200390795401e-01
46                                     1.3630024855155409e-01
47                                     1.3979678706484977e-01
48                                     2.2425287554021089e-01
49                                    -1.6830591437854814e-01
50                                     1.0332960964288107e-01
51                                    -8.7369755097268964e-02
52                                    -1.9807345844955382e-01
53                                     1.0886197419452337e-01
54                                    -1.5592995625058137e-01
55                                     1.1166780661553877e-01
56                                    -2.2570759203223822e-01
57                                     1.0054553907816632e-01
58                                     2.2126194800080068e-01
   &Method [&Type "String"] "SCF"
   &Level [&Type "String"] "Relaxed density"
   &Mult [&Type "Integer"] 1
   &State [&Type "Integer"] -1
   &Irrep [&Type "Integer"] 0
$End
$SCF_Loewdin_Population_Analysis
   &GeometryIndex 1
   &NAtoms [&Type "Integer"] 59
   &ATNO [&Type "ArrayOfIntegers", &Dim (59,1)] 
                                                         0

0                                                        6
1                                                        1
2                                                        1
3                                                        8
4                                                        6
5                                                        6
6                                                        1
7                                                        6
8                                                        1
9                                                        1
10                                                       1
11                                                       8
12                                                       6
13                                                       1
14                                                       6
15                                                       1
16                                                       1
17                                                       6
18                                                       6
19                                                       6
20                                                       6
21                                                       1
22                                                       1
23                                                       6
24                                                       6
25                                                       6
26                                                       6
27                                                       1
28                                                       6
29                                                       6
30                                                       1
31                                                       1
32                                                       1
33                                                       7
34                                                       7
35                                                       7
36                                                       7
37                                                       8
38                                                       8
39                                                       6
40                                                       1
41                                                       1
42                                                       6
43                                                       1
44                                                       1
45                                                       6
46                                                       1
47                                                       1
48                                                       6
49                                                       6
50                                                       1
51                                                       6
52                                                       6
53                                                       1
54                                                       6
55                                                       1
56                                                       6
57                                                       1
58                                                       7
   &AtomicCharges [&Type "ArrayOfDoubles", &Dim (59,1)] 
                                                         0

0                                     -1.9994364812989662e-01
1                                      1.6122527486793692e-01
2                                      1.6264425277756822e-01
3                                     -4.6640842941411265e-01
4                                      2.0736987838558907e-01
5                                     -9.6810877766171366e-02
6                                      1.4925473972955250e-01
7                                     -2.1131024445045554e-02
8                                      1.5972478976110893e-01
9                                      1.5509176153161364e-01
10                                     1.5197857131079373e-01
11                                    -6.6011031357157179e-01
12                                     1.6328628148979885e-01
13                                     1.4550495196751201e-01
14                                     2.4534934024671884e-02
15                                     1.6769568926552803e-01
16                                     1.7328734502630583e-01
17                                     3.8471117749470363e-01
18                                     2.4855519215697086e-01
19                                     3.5186047162024003e-02
20                                    -1.9333871656650370e-01
21                                     1.6001894611974832e-01
22                                     1.6340656221224270e-01
23                                     2.1974512427254389e-01
24                                     3.6234482439748472e-01
25                                     1.8315429672469108e-01
26                                    -5.2482468411947814e-02
27                                     1.5112133832128594e-01
28                                    -1.3601019866713671e-01
29                                    -6.6768561920995673e-02
30                                     1.5117459104375297e-01
31                                     1.9465563379902306e-01
32                                     1.6124756294726339e-01
33                                    -7.3103596277138827e-01
34                                    -5.6393797090069597e-01
35                                    -3.2485493330502635e-01
36                                    -3.2411228997410557e-01
37                                    -4.3217728003776834e-01
38                                    -4.5261061187156670e-01
39                                     8.6350269054582540e-03
40                                     1.6133400150734611e-01
41                                     1.7018172188313807e-01
42                                    -2.3737559599161351e-01
43                                     1.4435024654598938e-01
44                                     1.4689335166905992e-01
45                                    -2.5570364423860958e-01
46                                     1.4210456642937752e-01
47                                     1.4202305673191606e-01
48                                     3.6217764339259961e-01
49                                    -8.8134129805719219e-02
50                                     1.4439989378533435e-01
51                                     1.6325706128508344e-01
52                                    -6.2105596718114775e-02
53                                     1.4981484344762430e-01
54                                    -6.6279894593846755e-02
55                                     1.5006674308961288e-01
56                                    -9.0863538658871867e-02
57                                     1.4379316870121150e-01
58                                    -7.4375540440312626e-01
   &Method [&Type "String"] "SCF"
   &Level [&Type "String"] "Relaxed density"
   &Mult [&Type "Integer"] 1
   &State [&Type "Integer"] -1
   &Irrep [&Type "Integer"] 0
$End
$SCF_Mayer_Population_Analysis
   &GeometryIndex 1
   &NAtoms [&Type "Integer"] 59 "Total number of atoms"
   &NBondOrdersPrint [&Type "Integer"] 66 "The number of bond orders larger than threshold"
   &bondThresh [&Type "Double"]       1.0000000000000001e-01  "The threshold for printing"
   &components [&Type "ArrayOfIntegers", &Dim (66,4)] "The indices and atomic numbers of the bonding atoms"
                                                         0                           1                           2                           3

0                                                        0                           6                           1                           1
1                                                        0                           6                           2                           1
2                                                        0                           6                          45                           6
3                                                        0                           6                          48                           6
4                                                        3                           8                          48                           6
5                                                        4                           6                           5                           6
6                                                        4                           6                          11                           8
7                                                        4                           6                          28                           6
8                                                        5                           6                           6                           1
9                                                        5                           6                          29                           6
10                                                       7                           6                           8                           1
11                                                       7                           6                           9                           1
12                                                       7                           6                          10                           1
13                                                       7                           6                          11                           8
14                                                      12                           6                          33                           7
15                                                      12                           6                          51                           6
16                                                      12                           6                          54                           6
17                                                      12                           6                          56                           6
18                                                      13                           1                          56                           6
19                                                      14                           6                          15                           1
20                                                      14                           6                          16                           1
21                                                      14                           6                          20                           6
22                                                      14                           6                          33                           7
23                                                      17                           6                          18                           6
24                                                      17                           6                          33                           7
25                                                      17                           6                          37                           8
26                                                      18                           6                          19                           6
27                                                      18                           6                          34                           7
28                                                      18                           6                          35                           7
29                                                      19                           6                          20                           6
30                                                      19                           6                          23                           6
31                                                      19                           6                          35                           7
32                                                      20                           6                          21                           1
33                                                      20                           6                          22                           1
34                                                      23                           6                          24                           6
35                                                      23                           6                          35                           7
36                                                      24                           6                          36                           7
37                                                      24                           6                          38                           8
38                                                      25                           6                          26                           6
39                                                      25                           6                          29                           6
40                                                      25                           6                          34                           7
41                                                      26                           6                          27                           1
42                                                      26                           6                          28                           6
43                                                      28                           6                          57                           1
44                                                      29                           6                          30                           1
45                                                      31                           1                          36                           7
46                                                      32                           1                          36                           7
47                                                      34                           7                          35                           7
48                                                      39                           6                          40                           1
49                                                      39                           6                          41                           1
50                                                      39                           6                          42                           6
51                                                      39                           6                          58                           7
52                                                      42                           6                          43                           1
53                                                      42                           6                          44                           1
54                                                      42                           6                          45                           6
55                                                      45                           6                          46                           1
56                                                      45                           6                          47                           1
57                                                      48                           6                          58                           7
58                                                      49                           6                          50                           1
59                                                      49                           6                          51                           6
60                                                      49                           6                          56                           6
61                                                      51                           6                          52                           6
62                                                      51                           6                          58                           7
63                                                      52                           6                          53                           1
64                                                      52                           6                          54                           6
65                                                      54                           6                          55                           1
   &BondOrders [&Type "ArrayOfDoubles", &Dim (66,1)] "The bond orders"
                                                         0

0                                      9.6187016954405824e-01
1                                      9.6835510022396676e-01
2                                      9.1217646122582363e-01
3                                      9.3872589895339487e-01
4                                      1.7924755966261610e+00
5                                      1.3535350236938675e+00
6                                      1.0523210845264417e+00
7                                      1.3329638941466930e+00
8                                      1.0175246929268447e+00
9                                      1.2903324854595013e+00
10                                     9.6378956282420369e-01
11                                     9.8380530207237216e-01
12                                     9.8322265678310550e-01
13                                     9.0467219886198946e-01
14                                     8.6885809720835971e-01
15                                     1.3341215414160554e-01
16                                     1.4558371529837817e+00
17                                     1.3846399739185531e+00
18                                     1.0182380276045253e+00
19                                     9.5907504722162673e-01
20                                     9.4553277330715990e-01
21                                     9.2606075727688464e-01
22                                     8.8648968927246341e-01
23                                     9.1473026692969406e-01
24                                     1.1874654198707340e+00
25                                     1.8839806950605202e+00
26                                     1.2447242647648125e+00
27                                     1.2923742496762780e+00
28                                     2.7962230139079480e-01
29                                     8.6424951485193302e-01
30                                     1.2208656363200336e+00
31                                    -1.6790756835390402e-01
32                                     9.9967703665088758e-01
33                                     1.0069836838426023e+00
34                                     9.9436552295145264e-01
35                                     1.4776909142126411e+00
36                                     1.0057411065017687e+00
37                                     1.9523272000580048e+00
38                                     1.4372448622245884e+00
39                                     1.3334001759291905e+00
40                                     8.9759663647332522e-01
41                                     9.7763635064968624e-01
42                                     1.3038425637210040e+00
43                                     9.6540925359434926e-01
44                                     1.0094219281354668e+00
45                                     1.0148694354623435e+00
46                                     1.0228147736566109e+00
47                                     1.2200310114381379e+00
48                                     9.5708846008723913e-01
49                                     9.5232504309796973e-01
50                                     9.4787437882789238e-01
51                                     9.5096941461586826e-01
52                                     1.0061231716259769e+00
53                                     9.6809557424436343e-01
54                                     9.1653420126687579e-01
55                                     9.7634632947807309e-01
56                                     9.9330118114239474e-01
57                                     1.1941969009781641e+00
58                                     9.9266617643734967e-01
59                                     1.3994085416935116e+00
60                                     1.2538863024253075e+00
61                                     1.4479184571547434e+00
62                                     9.9198081292666429e-01
63                                     9.9472438896483439e-01
64                                     1.2778339591292411e+00
65                                     9.7764217928026942e-01
   &ATNO [&Type "ArrayOfIntegers", &Dim (59,1)] "Atomic number of the elements"
                                                         0

0                                                        6
1                                                        1
2                                                        1
3                                                        8
4                                                        6
5                                                        6
6                                                        1
7                                                        6
8                                                        1
9                                                        1
10                                                       1
11                                                       8
12                                                       6
13                                                       1
14                                                       6
15                                                       1
16                                                       1
17                                                       6
18                                                       6
19                                                       6
20                                                       6
21                                                       1
22                                                       1
23                                                       6
24                                                       6
25                                                       6
26                                                       6
27                                                       1
28                                                       6
29                                                       6
30                                                       1
31                                                       1
32                                                       1
33                                                       7
34                                                       7
35                                                       7
36                                                       7
37                                                       8
38                                                       8
39                                                       6
40                                                       1
41                                                       1
42                                                       6
43                                                       1
44                                                       1
45                                                       6
46                                                       1
47                                                       1
48                                                       6
49                                                       6
50                                                       1
51                                                       6
52                                                       6
53                                                       1
54                                                       6
55                                                       1
56                                                       6
57                                                       1
58                                                       7
   &NA [&Type "ArrayOfDoubles", &Dim (59,1)] "Mulliken gross atomic population"
                                                         0

0                                      6.2818735396804604e+00
1                                      8.3789650324714116e-01
2                                      8.3846400873469218e-01
3                                      8.4452044585369830e+00
4                                      5.6058365151340679e+00
5                                      6.2700873586438268e+00
6                                      8.8657714643458252e-01
7                                      6.2259822031542740e+00
8                                      8.6834409669273627e-01
9                                      8.5501304490169017e-01
10                                     8.6199507538717746e-01
11                                     8.2356373377389627e+00
12                                     5.9855181335314027e+00
13                                     8.9520495446891812e-01
14                                     6.1949467018450015e+00
15                                     8.4080523023810072e-01
16                                     8.6054434067052610e-01
17                                     6.0050233074111574e+00
18                                     6.0019955941800713e+00
19                                     6.1056427957446839e+00
20                                     6.3322495256215969e+00
21                                     8.2255328235019631e-01
22                                     8.2506764414947065e-01
23                                     5.7260900863241524e+00
24                                     5.8539441564974091e+00
25                                     5.9659825331198002e+00
26                                     6.1676422309576671e+00
27                                     8.8762423858595396e-01
28                                     6.2504727489534657e+00
29                                     6.2230315832417338e+00
30                                     8.8113410262870406e-01
31                                     8.4471197779122131e-01
32                                     8.4571463201914643e-01
33                                     6.7707657561017971e+00
34                                     6.1610981728305028e+00
35                                     7.5010635649821173e+00
36                                     7.2163600915107216e+00
37                                     8.4237431869373740e+00
38                                     8.4168808825083907e+00
39                                     6.1576577972038624e+00
40                                     8.6660432872533655e-01
41                                     8.5831101633370244e-01
42                                     6.2629103247753930e+00
43                                     8.5265970391517720e-01
44                                     8.6264219413137055e-01
45                                     6.2311220039079487e+00
46                                     8.6369975144844591e-01
47                                     8.6020321293514979e-01
48                                     5.7757471244597909e+00
49                                     6.1683059143785508e+00
50                                     8.9667039035711893e-01
51                                     6.0873697550972707e+00
52                                     6.1980734584495618e+00
53                                     8.9113802580547663e-01
54                                     6.1559299562505867e+00
55                                     8.8833219338446112e-01
56                                     6.2257075920322373e+00
57                                     8.9945446092183368e-01
58                                     6.7787380519991860e+00
   &ZA [&Type "ArrayOfDoubles", &Dim (59,1)] "Total nuclear charge"
                                                         0

0                                      6.0000000000000000e+00
1                                      1.0000000000000000e+00
2                                      1.0000000000000000e+00
3                                      8.0000000000000000e+00
4                                      6.0000000000000000e+00
5                                      6.0000000000000000e+00
6                                      1.0000000000000000e+00
7                                      6.0000000000000000e+00
8                                      1.0000000000000000e+00
9                                      1.0000000000000000e+00
10                                     1.0000000000000000e+00
11                                     8.0000000000000000e+00
12                                     6.0000000000000000e+00
13                                     1.0000000000000000e+00
14                                     6.0000000000000000e+00
15                                     1.0000000000000000e+00
16                                     1.0000000000000000e+00
17                                     6.0000000000000000e+00
18                                     6.0000000000000000e+00
19                                     6.0000000000000000e+00
20                                     6.0000000000000000e+00
21                                     1.0000000000000000e+00
22                                     1.0000000000000000e+00
23                                     6.0000000000000000e+00
24                                     6.0000000000000000e+00
25                                     6.0000000000000000e+00
26                                     6.0000000000000000e+00
27                                     1.0000000000000000e+00
28                                     6.0000000000000000e+00
29                                     6.0000000000000000e+00
30                                     1.0000000000000000e+00
31                                     1.0000000000000000e+00
32                                     1.0000000000000000e+00
33                                     7.0000000000000000e+00
34                                     7.0000000000000000e+00
35                                     7.0000000000000000e+00
36                                     7.0000000000000000e+00
37                                     8.0000000000000000e+00
38                                     8.0000000000000000e+00
39                                     6.0000000000000000e+00
40                                     1.0000000000000000e+00
41                                     1.0000000000000000e+00
42                                     6.0000000000000000e+00
43                                     1.0000000000000000e+00
44                                     1.0000000000000000e+00
45                                     6.0000000000000000e+00
46                                     1.0000000000000000e+00
47                                     1.0000000000000000e+00
48                                     6.0000000000000000e+00
49                                     6.0000000000000000e+00
50                                     1.0000000000000000e+00
51                                     6.0000000000000000e+00
52                                     6.0000000000000000e+00
53                                     1.0000000000000000e+00
54                                     6.0000000000000000e+00
55                                     1.0000000000000000e+00
56                                     6.0000000000000000e+00
57                                     1.0000000000000000e+00
58                                     7.0000000000000000e+00
   &QA [&Type "ArrayOfDoubles", &Dim (59,1)] "Mulliken gross atomic charge"
                                                         0

0                                     -2.8187353968046036e-01
1                                      1.6210349675285884e-01
2                                      1.6153599126530782e-01
3                                     -4.4520445853698298e-01
4                                      3.9416348486593211e-01
5                                     -2.7008735864382682e-01
6                                      1.1342285356541748e-01
7                                     -2.2598220315427398e-01
8                                      1.3165590330726373e-01
9                                      1.4498695509830983e-01
10                                     1.3800492461282254e-01
11                                    -2.3563733773896267e-01
12                                     1.4481866468597282e-02
13                                     1.0479504553108188e-01
14                                    -1.9494670184500151e-01
15                                     1.5919476976189928e-01
16                                     1.3945565932947390e-01
17                                    -5.0233074111574183e-03
18                                    -1.9955941800713362e-03
19                                    -1.0564279574468394e-01
20                                    -3.3224952562159693e-01
21                                     1.7744671764980369e-01
22                                     1.7493235585052935e-01
23                                     2.7390991367584760e-01
24                                     1.4605584350259093e-01
25                                     3.4017466880199798e-02
26                                    -1.6764223095766706e-01
27                                     1.1237576141404604e-01
28                                    -2.5047274895346572e-01
29                                    -2.2303158324173378e-01
30                                     1.1886589737129594e-01
31                                     1.5528802220877869e-01
32                                     1.5428536798085357e-01
33                                     2.2923424389820291e-01
34                                     8.3890182716949724e-01
35                                    -5.0106356498211735e-01
36                                    -2.1636009151072155e-01
37                                    -4.2374318693737401e-01
38                                    -4.1688088250839073e-01
39                                    -1.5765779720386242e-01
40                                     1.3339567127466345e-01
41                                     1.4168898366629756e-01
42                                    -2.6291032477539300e-01
43                                     1.4734029608482280e-01
44                                     1.3735780586862945e-01
45                                    -2.3112200390794868e-01
46                                     1.3630024855155409e-01
47                                     1.3979678706485021e-01
48                                     2.2425287554020912e-01
49                                    -1.6830591437855080e-01
50                                     1.0332960964288107e-01
51                                    -8.7369755097270740e-02
52                                    -1.9807345844956181e-01
53                                     1.0886197419452337e-01
54                                    -1.5592995625058670e-01
55                                     1.1166780661553888e-01
56                                    -2.2570759203223734e-01
57                                     1.0054553907816632e-01
58                                     2.2126194800081400e-01
   &VA [&Type "ArrayOfDoubles", &Dim (59,1)] "Mayer's total valence"
                                                         0

0                                      3.7605951413139920e+00
1                                      9.6166515421811150e-01
2                                      9.6265273507450144e-01
3                                      1.9791938915780154e+00
4                                      3.7046922760170276e+00
5                                      3.7191459946738785e+00
6                                      9.8349506020530564e-01
7                                      3.8337568189215965e+00
8                                      9.6745724926828525e-01
9                                      9.5818941683490100e-01
10                                     9.5739240768996325e-01
11                                     2.0315224421763514e+00
12                                     3.7932228032314139e+00
13                                     9.8593232859127700e-01
14                                     3.7793768045415517e+00
15                                     9.4466942870784476e-01
16                                     9.5894502306134100e-01
17                                     3.9806301670563360e+00
18                                     3.6736482839707767e+00
19                                     3.2423684559707375e+00
20                                     3.7660208162032007e+00
21                                     9.5234416973525082e-01
22                                     9.5877495581213357e-01
23                                     3.6945910364848347e+00
24                                     4.0304305623980881e+00
25                                     3.8314804816739967e+00
26                                     3.7982771124688242e+00
27                                     9.8016011216777676e-01
28                                     3.6730857510856763e+00
29                                     3.6753856034057000e+00
30                                     9.8052887079395712e-01
31                                     1.0070068871548556e+00
32                                     9.9983478471129239e-01
33                                     3.0746769264833880e+00
34                                     3.4614167060522454e+00
35                                     3.1666869977838257e+00
36                                     3.1323392204365677e+00
37                                     2.0348674037750500e+00
38                                     2.0140096218887305e+00
39                                     3.7984541140400436e+00
40                                     9.5664221986185105e-01
41                                     9.5251610317054702e-01
42                                     3.7668924753103896e+00
43                                     9.6369589178495407e-01
44                                     9.6332525435696315e-01
45                                     3.6737737028093065e+00
46                                     9.6441871526080103e-01
47                                     9.6544859070260802e-01
48                                     3.9634489049815875e+00
49                                     3.6397608275621431e+00
50                                     9.8519641502969291e-01
51                                     3.9777295101470518e+00
52                                     3.7515426405550221e+00
53                                     9.8385488072716409e-01
54                                     3.7490182003582158e+00
55                                     9.7986875592317035e-01
56                                     3.6784342288330629e+00
57                                     9.8737023039331395e-01
58                                     3.1893199359256119e+00
   &BVA [&Type "ArrayOfDoubles", &Dim (59,1)] "Mayer's bonded valence"
                                                         0

0                                      3.7605951413139973e+00
1                                      9.6166515421811261e-01
2                                      9.6265273507449955e-01
3                                      1.9791938915780936e+00
4                                      3.7046922760170262e+00
5                                      3.7191459946739478e+00
6                                      9.8349506020531985e-01
7                                      3.8337568189215903e+00
8                                      9.6745724926828980e-01
9                                      9.5818941683489567e-01
10                                     9.5739240768995970e-01
11                                     2.0315224421763478e+00
12                                     3.7932228032314352e+00
13                                     9.8593232859126090e-01
14                                     3.7793768045415415e+00
15                                     9.4466942870784687e-01
16                                     9.5894502306134954e-01
17                                     3.9806301670563666e+00
18                                     3.6736482839708109e+00
19                                     3.2423684559705936e+00
20                                     3.7660208162031963e+00
21                                     9.5234416973525304e-01
22                                     9.5877495581212235e-01
23                                     3.6945910364848427e+00
24                                     4.0304305623981644e+00
25                                     3.8314804816740686e+00
26                                     3.7982771124688726e+00
27                                     9.8016011216778787e-01
28                                     3.6730857510857597e+00
29                                     3.6753856034058110e+00
30                                     9.8052887079397710e-01
31                                     1.0070068871548745e+00
32                                     9.9983478471129839e-01
33                                     3.0746769264832938e+00
34                                     3.4614167060522467e+00
35                                     3.1666869977839163e+00
36                                     3.1323392204366129e+00
37                                     2.0348674037751131e+00
38                                     2.0140096218887855e+00
39                                     3.7984541140400645e+00
40                                     9.5664221986186238e-01
41                                     9.5251610317055702e-01
42                                     3.7668924753103572e+00
43                                     9.6369589178494164e-01
44                                     9.6332525435695537e-01
45                                     3.6737737028093345e+00
46                                     9.6441871526080858e-01
47                                     9.6544859070260858e-01
48                                     3.9634489049816071e+00
49                                     3.6397608275621240e+00
50                                     9.8519641502967625e-01
51                                     3.9777295101471162e+00
52                                     3.7515426405549950e+00
53                                     9.8385488072717620e-01
54                                     3.7490182003582051e+00
55                                     9.7986875592317313e-01
56                                     3.6784342288330238e+00
57                                     9.8737023039333349e-01
58                                     3.1893199359255817e+00
   &FA [&Type "ArrayOfDoubles", &Dim (59,1)] "Mayer's free valence"
                                                         0

0                                      0.0000000000000000e+00
1                                      0.0000000000000000e+00
2                                      0.0000000000000000e+00
3                                      0.0000000000000000e+00
4                                      0.0000000000000000e+00
5                                      0.0000000000000000e+00
6                                      0.0000000000000000e+00
7                                      0.0000000000000000e+00
8                                      0.0000000000000000e+00
9                                      0.0000000000000000e+00
10                                     0.0000000000000000e+00
11                                     0.0000000000000000e+00
12                                     0.0000000000000000e+00
13                                     0.0000000000000000e+00
14                                     0.0000000000000000e+00
15                                     0.0000000000000000e+00
16                                     0.0000000000000000e+00
17                                     0.0000000000000000e+00
18                                     0.0000000000000000e+00
19                                     0.0000000000000000e+00
20                                     0.0000000000000000e+00
21                                     0.0000000000000000e+00
22                                     0.0000000000000000e+00
23                                     0.0000000000000000e+00
24                                     0.0000000000000000e+00
25                                     0.0000000000000000e+00
26                                     0.0000000000000000e+00
27                                     0.0000000000000000e+00
28                                     0.0000000000000000e+00
29                                     0.0000000000000000e+00
30                                     0.0000000000000000e+00
31                                     0.0000000000000000e+00
32                                     0.0000000000000000e+00
33                                     0.0000000000000000e+00
34                                     0.0000000000000000e+00
35                                     0.0000000000000000e+00
36                                     0.0000000000000000e+00
37                                     0.0000000000000000e+00
38                                     0.0000000000000000e+00
39                                     0.0000000000000000e+00
40                                     0.0000000000000000e+00
41                                     0.0000000000000000e+00
42                                     0.0000000000000000e+00
43                                     0.0000000000000000e+00
44                                     0.0000000000000000e+00
45                                     0.0000000000000000e+00
46                                     0.0000000000000000e+00
47                                     0.0000000000000000e+00
48                                     0.0000000000000000e+00
49                                     0.0000000000000000e+00
50                                     0.0000000000000000e+00
51                                     0.0000000000000000e+00
52                                     0.0000000000000000e+00
53                                     0.0000000000000000e+00
54                                     0.0000000000000000e+00
55                                     0.0000000000000000e+00
56                                     0.0000000000000000e+00
57                                     0.0000000000000000e+00
58                                     0.0000000000000000e+00
   &Method [&Type "String"] "SCF"
   &Level [&Type "String"] "Relaxed density"
   &Mult [&Type "Integer"] 1
   &State [&Type "Integer"] -1
   &Irrep [&Type "Integer"] 0
$End
$SCF_Energy
   &GeometryIndex 1
   &Method [&Type "String"] "SCF"
   &totalEnergy [&Type "ArrayOfDoubles", &Dim (1,1)] "Total energy of each state"
                                                         0

0                                     -1.5416724584736157e+03
   &Mult [&Type "ArrayOfIntegers", &Dim (1,1)] "Multiplicity of each state"
                                                         0

0                                                        1
$End
$DFT_Energy
   &GeometryIndex 1
   &nAlphaEl [&Type "Integer"] 121
   &nBetaEl [&Type "Integer"] 121
   &nTotalEl [&Type "Integer"] 242
   &finalEn [&Type "Double"]      -1.5416724584736157e+03  "No Van der Waals correction"
   &eExchange [&Type "Double"]      -2.0722571460014754e+02
   &eCorr [&Type "Double"]      -8.0346220211854025e+00
   &eXC [&Type "Double"]      -2.1526033662133295e+02
   &eCNL [&Type "Double"]       0.0000000000000000e+00
$End
$SCF_Timings
   &GeometryIndex 1
   &TOTAL [&Type "Double"]       1.7543600000000001e+02
   &PREP [&Type "Double"]       5.1600000000000001e-01
   &FOCK [&Type "Double"]       1.6141600000000008e+02
   &DENS [&Type "Double"]       8.5899999999998045e-01
   &ETOT [&Type "Double"]       3.4599999999996989e-01
   &POP [&Type "Double"]       3.9900000000000091e-01
   &TRAFO [&Type "Double"]       7.3599999999999710e-01
   &DIIS [&Type "Double"]       2.7350000000000048e+00
   &SOSCF [&Type "Double"]       3.1009999999999991e+00
   &XC [&Type "Double"]       1.2047200000000002e+02
   &FOCKSTART [&Type "Double"]       1.2900000000001366e-01
   &INT_BF [&Type "Double"]       1.9356000000000435e+01
   &INT_DENS [&Type "Double"]       4.5035000000000892e+01
   &INT_DENSIO [&Type "Double"]       2.0442611149999993e+06
   &INT_FUNC [&Type "Double"]       4.1729999999998721e+00
   &INT_POT [&Type "Double"]       4.7146999999998940e+01
   &INT_POTIO [&Type "Double"]       7.1199999999973551e-01
   &SPLITRIJ [&Type "Double"]       4.5810999999999993e+01
$End
$VdW_Correction
   &GeometryIndex 1
   &vdW [&Type "Double"]      -2.9877216970836083e-02
$End
$gCP_Energy
   &GeometryIndex 1
   &gCP_Energy [&Type "Double"]       4.1702030299999998e-02
$End
$Single_Point_Data
   &GeometryIndex 1
   &FinalEnergy [&Type "Double"]      -1.5416606336602865e+03  "Final single point energy"
   &Converged [&Type "Boolean"] true
$End
$Calculation_Info
   &GeometryIndex 1
   &Mult [&Type "Integer"] 1
   &Charge [&Type "Integer"] 0
   &NumOfAtoms [&Type "Integer"] 59
   &NumOfElectrons [&Type "Integer"] 242
   &NumOfBasisFuncts [&Type "Integer"] 816
   &NumOfAuxCBasisFuncts [&Type "Integer"] 0
   &NumOfAuxJBasisFuncts [&Type "Integer"] 1295
   &NumOfAuxJKBasisFuncts [&Type "Integer"] 0
   &NumOfCABSBasisFuncts [&Type "Integer"] 0
$End
$SCF_Dipole_Moment
   &GeometryIndex 1
   &dipoleMagnitude [&Type "Double", &Units "a.u."]       1.8309417158569590e+00
   &dipoleElecContrib [&Type "ArrayOfDoubles", &Dim (3,1)] "Electronic contribution"
                                                         0

0                                      1.0097286470393989e+01
1                                     -1.4808427770879284e+01
2                                     -2.5432349410937714e+01
   &dipoleNucContrib [&Type "ArrayOfDoubles", &Dim (3,1)] "Nuclear contribution"
                                                         0

0                                     -1.0516630891127431e+01
1                                      1.4788494670542569e+01
2                                      2.7214511158696858e+01
   &dipoleTotal [&Type "ArrayOfDoubles", &Dim (3,1)] "Total"
                                                         0

0                                     -4.1934442073344158e-01
1                                     -1.9933100336714915e-02
2                                      1.7821617477591438e+00
   &doAtomicDipole [&Type "Boolean"] false
   &Method [&Type "String"] "SCF"
   &Level [&Type "String"] "Relaxed density"
   &Mult [&Type "Integer"] 1
   &State [&Type "Integer"] -1
   &Irrep [&Type "Integer"] 0
$End
$Calculation_Timings
   &GeometryIndex 1
   &GTOINT [&Type "Double"]       5.5350000000000001e+00
   &SCF [&Type "Double"]       1.8319700000000000e+02
   &PROP [&Type "Double"]       4.5599999999998886e-01
   &SUM [&Type "Double"]       1.8918799999999999e+02
$End
