*************************************************
******************* ORCA 6.1.1 ******************
*************************************************
$Calculation_Status
   &GeometryIndex 0
   &version [&Type "String"] "6.1.1"
   &progName [&Type "String"] "orca"
   &Status [&Type "String"] "Running"
$End
$Geometry
   &GeometryIndex 1
   &NAtoms [&Type "Integer"] 208
   &NCorelessECP [&Type "Integer"] 0
   &NGhostAtoms [&Type "Integer"] 0
   &CartesianCoordinates [&Type "Coordinates", &Dim(208,4), &Units "Bohr"] 
              C     -8.713292234927    2.585384458241    0.599305327260
              C     -9.389718343959    0.138208087674   -0.705111773799
              C    -10.776795051882    3.407228942805    2.360190349103
              C     -6.569146035509    3.892459950436    0.107713558154
              C    -12.193267337990    0.281515922573   -1.646947650667
              C     -7.362621403330   -0.773461939741   -2.569692966110
              C    -13.202373893643    4.210414762851    0.877301256964
              C     -4.965176426305    3.207796657468   -2.033650416375
              C     -5.794035479792    6.268550700894    1.482971578685
              C    -13.362109061133    2.963865044438   -1.751334081400
              C     -6.052637112389    1.399983197268   -3.933902098087
              C     -2.658217432518    4.271181363331   -2.383854841457
              C     -2.932451446612    6.347057936936    1.905179161504
              C     -1.467278366903    5.922511742437   -0.522207430072
              O      0.634207869755    6.832324660391   -0.854776099393
              H     -9.421184457274   -1.273730424185    0.823899297173
              C    -12.042237042758    4.681935882970   -3.694268308101
              C    -12.890133424085   -0.893298412297   -4.195993336758
              C    -15.551907604646    0.182583052490   -4.748908457457
              C    -16.057540246797    2.347899438047   -2.803273396372
              O    -17.074197373293    4.555730825473   -3.957250684924
              H    -13.299864713714   -0.740016565068   -0.211719775989
              C    -17.972105999261    1.393480951997   -0.789024250193
              C    -19.078633833063    3.374327714772    0.764505223681
              N    -20.011111993986    4.916113976916    1.997548351320
              H    -10.209070487622    4.944554355232    3.611451759481
              H    -11.261660775452    1.795615655951    3.578815508847
              H     -8.157988424805   -2.120683605404   -3.922784366810
              H     -5.922380878903   -1.804330392579   -1.491101652945
              H    -13.237343842669    6.267368242561    0.658647603358
              H    -14.828855318952    3.733732177051    2.057582323875
              H     -6.769248134274    6.454768074685    3.292793931149
              H     -6.339426580300    7.911179042332    0.327078372395
              H     -7.420512615422    2.418201010784   -5.120634217588
              H     -4.563545315468    0.698624910899   -5.187115538870
              H     -1.550208261297    3.853315464100   -4.064304369609
              H     -2.376129867789    4.832675273761    3.216863450075
              H     -2.322099725237    8.138044311880    2.737750128446
              H    -10.090488245198    5.035994102146   -3.132784394322
              H    -13.022090014249    6.495165128195   -3.788115225959
              H    -12.050469086640    3.880792478929   -5.600081699489
              H    -11.554132612054   -0.305070716326   -5.661290306912
              H    -12.866734173691   -2.961528624840   -4.146559291622
              H    -17.004439134615   -1.287250583194   -4.619545686488
              H    -15.664835011689    0.983168892835   -6.651703975108
              H    -18.747236756151    4.183759665506   -4.578778549012
              H    -19.537751830188    0.450235774070   -1.773152802651
              H    -17.119790002041   -0.039152083036    0.440842285609
              N      0.506375266727    4.161443643927   20.983512206858
              C     -0.394142504113    2.364296062588   19.423744709221
              C     -0.010085430582   -0.200703371827   20.639422973340
              C      1.264604804404    0.325255278005   23.201477175088
              C      1.588134611270    3.230934955580   23.344625668280
              O     -1.372916782132    2.772067611730   17.339550165887
              C      0.424730707358    6.837243031703   20.355285754954
              H      1.262464991913    7.913935472460   21.903432343936
              H     -1.528283658691    7.469128843778   20.077268112297
              H      1.487846542987    7.219167927237   18.618851937352
              H     -1.848408481420   -1.133313322250   20.820225166818
              H      1.142856703788   -1.369589616917   19.379976648850
              H      0.103634735472   -0.348081865791   24.768838877345
              H      3.098334913668   -0.611205102800   23.335430317604
              H      0.582751893245    4.054369134460   24.961412458370
              H      3.580406582662    3.792093912053   23.484941235230
              N    -22.715665983739   -8.696489829494   17.039596903521
              C    -22.832017158797   -8.525560056668   14.503696322494
              C    -25.011063859806  -10.128528507863   13.561972808741
              C    -26.212068457187  -11.299440161424   15.939396458631
              C    -24.625126074134  -10.318292425175   18.194856598022
              O    -21.379906357454   -7.255504034874   13.182153464963
              C    -20.813685089231   -7.375362617226   18.522272966833
              H    -21.102672724376   -7.807592891719   20.519142093889
              H    -20.959809712111   -5.327064517847   18.250315108970
              H    -18.907051896850   -7.972197429922   17.974712536312
              H    -26.314665109401   -8.921885629103   12.500596749478
              H    -24.277174145912  -11.540716312394   12.239510259295
              H    -28.183916627571  -10.726564014750   16.143074769618
              H    -26.164977691354  -13.361036433683   15.868186078802
              H    -25.765030647756   -9.227605730917   19.541652017059
              H    -23.711893583358  -11.859834893751   19.240508888632
              N     -9.709397720444   24.701930648032   10.454811192172
              C     -8.343907373045   22.557366630165   10.355677028461
              C     -6.104338753296   22.797523212887   12.125211629175
              C     -6.330893918785   25.437084191867   13.328116440669
              C     -8.729544862337   26.638853882668   12.157492384529
              O     -8.859911777082   20.705197083513    9.024755894764
              C    -11.987614319885   25.071561438874    8.960040654836
              H    -12.753596062183   26.945387643863    9.359878755722
              H    -13.416273147474   23.647379693749    9.430656161499
              H    -11.570914702931   24.934002698894    6.935510245755
              H     -6.182619694633   21.261722809450   13.509795164718
              H     -4.363478781349   22.544926978766   11.035543157152
              H     -6.515568180009   25.312873759201   15.379536518800
              H     -4.672416425365   26.594630606168   12.919452336080
              H    -10.151523394659   27.110915823509   13.592055869293
              H     -8.301536443896   28.369304071439   11.096320188920
              N      5.073824926463  -15.184200158166    6.268495199638
              C      2.656395112915  -14.967251132020    5.505270095337
              C      1.427084175494  -17.553797242710    5.561567228949
              C      3.487648071468  -19.384711830110    6.492919793397
              C      5.873116398893  -17.743002802642    6.920084524708
              O      1.631295918374  -12.964657022950    4.867357795442
              C      6.774007768590  -13.028124457815    6.416659479523
              H      8.618640860654  -13.674731973467    7.077757528554
              H      6.047574819535  -11.606856368033    7.736936258339
              H      6.999763334260  -12.138829770484    4.559383590501
              H     -0.221769698617  -17.479838804240    6.809643127983
              H      0.733476411891  -18.003832101097    3.664687555653
              H      2.928192381852  -20.312601641493    8.249019726313
              H      3.868041306176  -20.859690075118    5.101083696822
              H      6.527175690506  -17.805068457558    8.887619036144
              H      7.453171712845  -18.325608147625    5.708584747427
              N    -34.810508693490    7.805353755223   -0.072646307129
              C    -33.057380014769    6.564554624613    1.291356485652
              C    -34.302757384883    5.458426751347    3.621616501869
              C    -37.105908402591    6.219579789839    3.452560468093
              C    -37.355684711786    7.784594508930    0.991569179035
              O    -30.800379124969    6.374636543442    0.709960074066
              C    -34.210266269937    9.090304447226   -2.428457745040
              H    -35.928904158591    9.952723638453   -3.177016458048
              H    -33.464771067554    7.755510036359   -3.826098399997
              H    -32.794792722988   10.571070205287   -2.120153026998
              H    -34.013428484096    3.409482856959    3.621552156694
              H    -33.355051111575    6.205722220230    5.302443068178
              H    -38.330256862493    4.560278149058    3.378089157950
              H    -37.679068745179    7.345760057338    5.083717378213
              H    -38.682403774863    6.927389204387   -0.352995191534
              H    -37.990232184224    9.725494917878    1.357616444414
              N      9.715360959129   17.239407814386   -3.807812370576
              C      9.168108686248   14.757212361914   -3.694821393146
              C     11.598199305846   13.257424204849   -3.918183299414
              C     13.720397016520   15.230950319760   -4.177144584688
              C     12.390977251340   17.838012582374   -4.113845486627
              O      7.017459599052   13.873101079984   -3.447436248914
              C      7.779412653103   19.186147118041   -3.654362110954
              H      8.679954347877   21.037667468177   -3.791183914433
              H      6.756813622929   19.067682945706   -1.856837113512
              H      6.411785119934   18.988481046338   -5.197672645095
              H     11.798252687471   12.061095791479   -2.241681163491
              H     11.454999223131   11.995212625210   -5.551612605209
              H     15.079295847986   15.077900077366   -2.631885138191
              H     14.756526618094   14.993434478133   -5.945615458562
              H     13.042554519957   19.013672380716   -2.533937628006
              H     12.684828285663   18.910749845230   -5.865022758553
              N    -15.296060380170  -20.354142073801   -9.291891284917
              C    -16.533977565042  -18.438845318576   -8.163730962375
              C    -19.248541774277  -19.228498129476   -7.703095496267
              C    -19.463219633069  -21.943529573497   -8.726866534590
              C    -16.812645783715  -22.607089992372   -9.776763301275
              O    -15.581585470120  -16.377601215680   -7.604834121469
              C    -12.642851950229  -20.186228417268   -9.994405875810
              H    -12.070341767918  -21.961942535823  -10.875822087019
              H    -11.459494560350  -19.851458065823   -8.327542741568
              H    -12.332540059573  -18.639161806771  -11.336633788986
              H    -19.647955896208  -19.087534084106   -5.677637552909
              H    -20.503621584178  -17.893243211247   -8.664159808980
              H    -19.999440100520  -23.266508244945   -7.236882597962
              H    -20.882529985474  -22.074656044765  -10.218788649930
              H    -15.977011438429  -24.247055634098   -8.820172593931
              H    -16.854078558325  -23.013336003401  -11.810720779250
              N    -21.357921699352   22.015969730403  -12.839341043804
              C    -19.360913998679   20.481229255457  -13.200004706195
              C    -18.038905229170   21.229395566834  -15.628406553136
              C    -19.550798745081   23.478574842371  -16.687160522902
              C    -21.739163458889   23.924194109982  -14.794907692867
              O    -18.731031201819   18.747966455000  -11.762231653873
              C    -23.027572387512   21.779912757350  -10.667295834813
              H    -24.496918700620   23.223206663470  -10.792783816832
              H    -21.978585089323   22.041044525371   -8.900299929982
              H    -23.922335148590   19.912047069840  -10.625323184345
              H    -16.071050994969   21.701513859308  -15.196508001168
              H    -18.007044862292   19.597521146598  -16.900313164835
              H    -18.375000996731   25.167453115998  -16.838972881295
              H    -20.296225860632   23.065748767150  -18.566357329565
              H    -21.680374400117   25.821695522073  -13.958923200225
              H    -23.600701965358   23.677887337969  -15.676804971658
              N      6.648527194298   -1.989880069435  -18.883286247456
              C      4.938994251822   -3.275429785725  -17.505459919033
              C      5.063703855646   -6.046902832921  -18.218187194666
              C      7.136032525126   -6.244590995523  -20.250910171249
              C      8.121084907999   -3.516798552173  -20.647088987553
              O      3.510354472673   -2.320298891820  -15.919629866578
              C      6.992656546702    0.727941744195  -18.646101996073
              H      8.473945815594    1.331181651342  -19.949830065189
              H      7.549368183897    1.234072763820  -16.716142874673
              H      5.241851475236    1.735211675019  -19.105855432508
              H      5.480490570077   -7.152676609304  -16.519530211906
              H      3.201311495322   -6.646638318541  -18.891676423621
              H      8.669817233285   -7.482448956378  -19.640116216163
              H      6.386865169125   -7.003610060779  -22.017292330826
              H     10.143951073068   -3.342835693312  -20.222133421682
              H      7.821900764170   -2.849298602329  -22.588394780551
              N    -20.014407922028   -0.119124329262  -24.196178442908
              C    -19.869906800664   -1.433013550287  -22.022158942539
              C    -21.206703697623   -3.943480363970  -22.361461235198
              C    -22.183642560237   -3.951139764141  -25.102103721773
              C    -21.370488680499   -1.380213695037  -26.241075772240
              O    -18.809100890672   -0.685152977701  -20.077026813167
              C    -18.914729816338    2.384759717919  -24.483423013565
              H    -19.276963123050    3.058882798814  -26.399713254510
              H    -16.868510264528    2.331241861225  -24.165680965416
              H    -19.750320697923    3.715729852215  -23.133759821737
              H    -19.865326482460   -5.469796420913  -21.970374531627
              H    -22.718931865135   -4.088894279748  -20.956542583495
              H    -21.369139831779   -5.507953922187  -26.184125927221
              H    -24.236195340212   -4.151430948903  -25.168271027263
              H    -20.126882815251   -1.607948975599  -27.885587528126
              H    -22.996333249203   -0.234225507175  -26.830207343118
$End
$Single_Point_Data
   &GeometryIndex 1
   &FinalEnergy [&Type "Double"]      -2.8968854931286000e+02  "Final single point energy"
   &Converged [&Type "Boolean"] true
$End
