*************************************************
******************* ORCA 6.1.1 ******************
*************************************************
$Calculation_Status
   &GeometryIndex 1
   &version [&Type "String"] "6.1.1"
   &progName [&Type "String"] "LeanSCF"
   &Status [&Type "String"] "NORMAL TERMINATION"
$End
$Geometry
   &GeometryIndex 1
   &NAtoms [&Type "Integer"] 59
   &NCorelessECP [&Type "Integer"] 0
   &NGhostAtoms [&Type "Integer"] 0
   &CartesianCoordinates [&Type "Coordinates", &Dim(59,4), &Units "Bohr"] 
              C     45.182670191542  -33.113814140434   -0.236791001076
              C     45.704179193766  -35.166772149132    1.715512007247
              C     48.173233204231  -36.563813155065    1.396234005946
              N     50.018136212122  -35.488843150541   -0.030294000098
              C     49.678804210699  -33.164038140605   -1.561853006586
              C     47.553347201669  -31.521491133729   -0.568351002429
              C     52.389994222092  -36.758272155917   -0.319312001442
              C     53.934936228621  -37.175183157638    1.776037007564
              C     56.251403238487  -38.364913162682    1.489745006276
              C     57.064732241984  -39.118005165794   -0.906760003783
              C     55.529394235440  -38.684490164011   -3.003251012653
              C     53.192681225496  -37.517744159051   -2.706090011511
              N     59.426193252020  -40.383284171198   -1.191535005118
              C     59.567633252507  -42.478551180074   -3.056897013000
              C     61.468404260638  -44.502732188627   -2.288146009708
              C     63.880202270798  -43.236581183272   -1.589660006716
              C     63.858193270755  -40.781389172879   -0.694737002905
              C     61.589199261249  -39.242038166405   -0.313725001372
              O     48.496185205602  -38.628327163727    2.480645010425
              O     61.614339261217  -37.151434157487    0.733877003032
              C     66.442721281691  -43.924373186199   -1.585105006685
              N     67.896796288004  -42.004047178084   -0.756405003129
              N     66.314062281204  -40.118716170150   -0.208934000871
              C     67.303166285478  -37.795210160226    0.765382003320
              C     67.558379286495  -46.367043196596   -2.333453009941
              N     70.093442297258  -46.485829197040   -2.393233010107
              O     66.174689280547  -48.190734204378   -2.868774012163
              C     66.851216283572  -37.133161157538    3.273577013955
              C     67.853557287645  -34.912180148028    4.216646017821
              C     69.321798293897  -33.353633141346    2.658682011305
              C     69.789201295992  -34.036179144339    0.151883000703
              C     68.766627291646  -36.272412153885   -0.785535003360
              O     70.219169297696  -31.204419132388    3.767849016033
              C     71.743361304172  -29.550480125242    2.245615009606
              H     44.668495189421  -33.977586144086   -2.051751008680
              H     43.579046184707  -31.957527135433    0.373639001640
              H     45.778980194034  -34.335820145525    3.618576015304
              H     44.212276187519  -36.598756155273    1.758577007482
              H     51.480776218268  -32.147482136373   -1.526530006451
              H     49.294455209060  -33.701357142898   -3.529729014975
              H     48.098447204042  -30.677996130167    1.247083005370
              H     47.252112200426  -29.978003127086   -1.914008008119
              H     53.310594226135  -36.584496155066    3.638504015480
              H     57.428355243470  -38.721680164244    3.129866013355
              H     56.141420238110  -39.251003166457   -4.876967020728
              H     52.001786220542  -37.205108157717   -4.347333018348
              H     57.680185244667  -43.298954183624   -3.198878013545
              H     60.086649254883  -41.707896176790   -4.912998020743
              H     60.756067257668  -45.606273193304   -0.680759002938
              H     61.716405261704  -45.805860194300   -3.870889016329
              H     71.160937301842  -44.977714190795   -1.924473008147
              H     70.938195300767  -48.134628204092   -2.846505012072
              H     65.716458278727  -38.352698162681    4.470537018969
              H     67.526246286371  -34.358836145665    6.164906026056
              H     70.921847300769  -32.861871139283   -1.084506004602
              H     69.105396293010  -36.815388156051   -2.735122011679
              H     70.673056299692  -28.847583122374    0.617721002668
              H     72.248638306292  -27.974479118548    3.474272014674
              H     73.462750311539  -30.510690129434    1.603780006751
$End
$SCF_Mulliken_Population_Analysis
   &GeometryIndex 1
   &NAtoms [&Type "Integer"] 59
   &ATNO [&Type "ArrayOfIntegers", &Dim (59,1)] 
                                                         0

0                                                        6
1                                                        6
2                                                        6
3                                                        7
4                                                        6
5                                                        6
6                                                        6
7                                                        6
8                                                        6
9                                                        6
10                                                       6
11                                                       6
12                                                       7
13                                                       6
14                                                       6
15                                                       6
16                                                       6
17                                                       6
18                                                       8
19                                                       8
20                                                       6
21                                                       7
22                                                       7
23                                                       6
24                                                       6
25                                                       7
26                                                       8
27                                                       6
28                                                       6
29                                                       6
30                                                       6
31                                                       6
32                                                       8
33                                                       6
34                                                       1
35                                                       1
36                                                       1
37                                                       1
38                                                       1
39                                                       1
40                                                       1
41                                                       1
42                                                       1
43                                                       1
44                                                       1
45                                                       1
46                                                       1
47                                                       1
48                                                       1
49                                                       1
50                                                       1
51                                                       1
52                                                       1
53                                                       1
54                                                       1
55                                                       1
56                                                       1
57                                                       1
58                                                       1
   &AtomicCharges [&Type "ArrayOfDoubles", &Dim (59,1)] 
                                                         0

0                                     -2.6020798780692900e-01
1                                     -3.4426325306523786e-01
2                                      2.2708365942237219e-01
3                                      2.5007494277216313e-01
4                                     -2.6022308436872876e-01
5                                     -3.0018159645528453e-01
6                                      1.4720864718098525e-03
7                                     -2.3475915535173897e-01
8                                     -2.4428877869404175e-01
9                                      5.0943877727623210e-02
10                                    -2.4376414685500869e-01
11                                    -2.5734222325929768e-01
12                                     3.0413794091478596e-01
13                                    -2.9079295929053117e-01
14                                    -4.6237282729808538e-01
15                                    -3.3195537361834226e-03
16                                    -3.0477705272433653e-02
17                                    -3.9703426362844851e-02
18                                    -4.3772233236108349e-01
19                                    -4.1408594850020464e-01
20                                     3.1721087031841844e-01
21                                    -4.6275608303141347e-01
22                                     8.5700973268324265e-01
23                                    -5.1477449728740687e-02
24                                     1.9831177271025346e-02
25                                    -3.6673143513141060e-01
26                                    -4.1482233541042035e-01
27                                    -1.7225022050674621e-01
28                                    -3.1138709113968055e-01
29                                     3.5243016321944687e-01
30                                    -2.4303378015555221e-01
31                                    -2.5929512824942957e-01
32                                    -1.8557253737321133e-01
33                                    -3.3571763387362186e-01
34                                     1.5353461078140629e-01
35                                     1.5574619105634580e-01
36                                     1.7451063551525892e-01
37                                     1.8105480300620780e-01
38                                     1.6389296593114833e-01
39                                     1.4891520807980929e-01
40                                     1.6231788836794625e-01
41                                     1.5640092588456378e-01
42                                     1.5840759025420448e-01
43                                     1.5973769892477252e-01
44                                     1.4380702722155791e-01
45                                     1.4331493019038821e-01
46                                     1.6890100874258218e-01
47                                     1.7147616693733281e-01
48                                     1.8601288679653671e-01
49                                     1.9589139376376141e-01
50                                     2.7325124687286739e-01
51                                     2.5051196008840992e-01
52                                     1.5792673481378627e-01
53                                     1.6043312707593804e-01
54                                     1.5052989565054320e-01
55                                     1.5726143748815236e-01
56                                     1.5798959361712694e-01
57                                     1.5809031348505143e-01
58                                     1.5643798193074787e-01
   &Method [&Type "String"] "SCF"
   &Level [&Type "String"] "Relaxed density"
   &Mult [&Type "Integer"] 1
   &State [&Type "Integer"] -1
   &Irrep [&Type "Integer"] 0
$End
$SCF_Loewdin_Population_Analysis
   &GeometryIndex 1
   &NAtoms [&Type "Integer"] 59
   &ATNO [&Type "ArrayOfIntegers", &Dim (59,1)] 
                                                         0

0                                                        6
1                                                        6
2                                                        6
3                                                        7
4                                                        6
5                                                        6
6                                                        6
7                                                        6
8                                                        6
9                                                        6
10                                                       6
11                                                       6
12                                                       7
13                                                       6
14                                                       6
15                                                       6
16                                                       6
17                                                       6
18                                                       8
19                                                       8
20                                                       6
21                                                       7
22                                                       7
23                                                       6
24                                                       6
25                                                       7
26                                                       8
27                                                       6
28                                                       6
29                                                       6
30                                                       6
31                                                       6
32                                                       8
33                                                       6
34                                                       1
35                                                       1
36                                                       1
37                                                       1
38                                                       1
39                                                       1
40                                                       1
41                                                       1
42                                                       1
43                                                       1
44                                                       1
45                                                       1
46                                                       1
47                                                       1
48                                                       1
49                                                       1
50                                                       1
51                                                       1
52                                                       1
53                                                       1
54                                                       1
55                                                       1
56                                                       1
57                                                       1
58                                                       1
   &AtomicCharges [&Type "ArrayOfDoubles", &Dim (59,1)] 
                                                         0

0                                     -2.9091114017684649e-01
1                                     -2.3192049601707954e-01
2                                      3.5700024777812978e-01
3                                     -7.5872909317518467e-01
4                                     -1.0271755152124307e-02
5                                     -2.7027478917508230e-01
6                                      1.4556213680715491e-01
7                                     -8.7676595262753843e-02
8                                     -8.9093924380049927e-02
9                                      1.5163011157822037e-01
10                                    -1.2809466743344622e-01
11                                    -1.1819811589890072e-01
12                                    -7.4214070843735946e-01
13                                    -4.9858471326373888e-03
14                                    -2.2320920774240971e-01
15                                     2.7019875372681135e-02
16                                     2.5263910695490299e-01
17                                     3.9858801605743022e-01
18                                    -4.7648502584530839e-01
19                                    -4.3985395125369919e-01
20                                     2.1703631867441953e-01
21                                    -3.2360355509173822e-01
22                                    -5.7251923014786765e-01
23                                     1.6231863997472029e-01
24                                     3.4803751214063894e-01
25                                    -4.6808842746994550e-01
26                                    -4.7497434853283060e-01
27                                    -7.7012421468682923e-02
28                                    -1.1995348690440544e-01
29                                     1.9922871019847754e-01
30                                    -1.6862729129807619e-01
31                                    -9.0013333093772907e-02
32                                    -6.7299535916728281e-01
33                                    -5.7086414984814482e-02
34                                     1.6015285900814413e-01
35                                     1.5992179618291646e-01
36                                     1.8324069168620949e-01
37                                     1.8522801666600130e-01
38                                     1.8953174525709482e-01
39                                     1.7199886435138323e-01
40                                     1.6391148751131224e-01
41                                     1.6450917182448621e-01
42                                     1.8663329647522575e-01
43                                     1.8797320674472484e-01
44                                     1.7779858419463701e-01
45                                     1.7666911036794519e-01
46                                     1.9568108842607379e-01
47                                     1.7681928214722764e-01
48                                     1.8148555502185171e-01
49                                     1.8918098687273677e-01
50                                     2.7306531723301808e-01
51                                     2.6607806781422316e-01
52                                     1.8658591908866606e-01
53                                     1.8598501818861402e-01
54                                     1.7870343124492594e-01
55                                     1.8301251385751627e-01
56                                     1.6684452339737943e-01
57                                     1.8042865709667044e-01
58                                     1.6621931904596310e-01
   &Method [&Type "String"] "SCF"
   &Level [&Type "String"] "Relaxed density"
   &Mult [&Type "Integer"] 1
   &State [&Type "Integer"] -1
   &Irrep [&Type "Integer"] 0
$End
$SCF_Mayer_Population_Analysis
   &GeometryIndex 1
   &NAtoms [&Type "Integer"] 59 "Total number of atoms"
   &NBondOrdersPrint [&Type "Integer"] 68 "The number of bond orders larger than threshold"
   &bondThresh [&Type "Double"]       1.0000000000000001e-01  "The threshold for printing"
   &components [&Type "ArrayOfIntegers", &Dim (68,4)] "The indices and atomic numbers of the bonding atoms"
                                                         0                           1                           2                           3

0                                                        0                           6                           1                           6
1                                                        0                           6                           5                           6
2                                                        0                           6                          34                           1
3                                                        0                           6                          35                           1
4                                                        1                           6                           2                           6
5                                                        1                           6                          36                           1
6                                                        1                           6                          37                           1
7                                                        2                           6                           3                           7
8                                                        2                           6                          18                           8
9                                                        3                           7                           4                           6
10                                                       3                           7                           6                           6
11                                                       4                           6                           5                           6
12                                                       4                           6                          38                           1
13                                                       4                           6                          39                           1
14                                                       5                           6                          40                           1
15                                                       5                           6                          41                           1
16                                                       6                           6                           7                           6
17                                                       6                           6                           9                           6
18                                                       6                           6                          11                           6
19                                                       7                           6                           8                           6
20                                                       7                           6                          42                           1
21                                                       8                           6                           9                           6
22                                                       8                           6                          43                           1
23                                                       9                           6                          10                           6
24                                                       9                           6                          12                           7
25                                                      10                           6                          11                           6
26                                                      10                           6                          44                           1
27                                                      11                           6                          45                           1
28                                                      12                           7                          13                           6
29                                                      12                           7                          17                           6
30                                                      13                           6                          14                           6
31                                                      13                           6                          46                           1
32                                                      13                           6                          47                           1
33                                                      14                           6                          15                           6
34                                                      14                           6                          48                           1
35                                                      14                           6                          49                           1
36                                                      15                           6                          16                           6
37                                                      15                           6                          20                           6
38                                                      15                           6                          21                           7
39                                                      16                           6                          17                           6
40                                                      16                           6                          21                           7
41                                                      16                           6                          22                           7
42                                                      17                           6                          19                           8
43                                                      20                           6                          21                           7
44                                                      20                           6                          24                           6
45                                                      21                           7                          22                           7
46                                                      21                           7                          23                           6
47                                                      22                           7                          23                           6
48                                                      23                           6                          27                           6
49                                                      23                           6                          29                           6
50                                                      23                           6                          31                           6
51                                                      24                           6                          25                           7
52                                                      24                           6                          26                           8
53                                                      25                           7                          50                           1
54                                                      25                           7                          51                           1
55                                                      27                           6                          28                           6
56                                                      27                           6                          52                           1
57                                                      28                           6                          29                           6
58                                                      28                           6                          53                           1
59                                                      29                           6                          30                           6
60                                                      29                           6                          32                           8
61                                                      30                           6                          31                           6
62                                                      30                           6                          54                           1
63                                                      31                           6                          55                           1
64                                                      32                           8                          33                           6
65                                                      33                           6                          56                           1
66                                                      33                           6                          57                           1
67                                                      33                           6                          58                           1
   &BondOrders [&Type "ArrayOfDoubles", &Dim (68,1)] "The bond orders"
                                                         0

0                                      8.9125315594320087e-01
1                                      8.7962763577516556e-01
2                                      9.8106979299002406e-01
3                                      9.6012782618330028e-01
4                                      9.1782647401558837e-01
5                                      9.5087094602161171e-01
6                                      9.5378018396857001e-01
7                                      1.1853394372965247e+00
8                                      1.7963218605270717e+00
9                                      8.9295082696186978e-01
10                                     9.7545377539080347e-01
11                                     9.4293587001441737e-01
12                                     9.3992427187366046e-01
13                                     9.4270850857779853e-01
14                                     9.8899548964298345e-01
15                                     9.5462986178339027e-01
16                                     1.4323780309983634e+00
17                                     1.3820080913681532e-01
18                                     1.3742950820687172e+00
19                                     1.3621494305189232e+00
20                                     9.2511005556089143e-01
21                                     1.4381757140911380e+00
22                                     9.2628770739176525e-01
23                                     1.3673367942765688e+00
24                                     9.7996642943089107e-01
25                                     1.2857623486999845e+00
26                                     9.4689742990835302e-01
27                                     9.4121166724811733e-01
28                                     7.9875745488128569e-01
29                                     1.1624781472663144e+00
30                                     9.2600410149194601e-01
31                                     9.4344356862652468e-01
32                                     9.4171290545689024e-01
33                                     8.4129910195059110e-01
34                                     9.8278488244578666e-01
35                                     9.9515410831339257e-01
36                                     1.1829183725601626e+00
37                                     1.1845219572674488e+00
38                                    -2.0728338340263169e-01
39                                     9.5130681868767430e-01
40                                     3.1312881757715427e-01
41                                     1.2474951842841826e+00
42                                     1.8819390403612866e+00
43                                     1.4840220238364998e+00
44                                     9.6944373413120211e-01
45                                     1.2031771572028260e+00
46                                     1.3455149199771399e-01
47                                     9.4288338519151504e-01
48                                     1.4106020385888187e+00
49                                     1.0147984083661551e-01
50                                     1.4457282962494329e+00
51                                     1.0927326810154661e+00
52                                     1.9469659944713302e+00
53                                     8.9965291744433618e-01
54                                     9.1841231046294158e-01
55                                     1.3689210551235640e+00
56                                     9.1419625641195312e-01
57                                     1.4024120423753663e+00
58                                     9.4050178696220998e-01
59                                     1.3630974067249733e+00
60                                     1.0692545838606589e+00
61                                     1.3242320269904415e+00
62                                     9.1598407622659583e-01
63                                     9.4320594857985818e-01
64                                     8.5099941361665143e-01
65                                     9.6176487776206165e-01
66                                     9.6658315153186070e-01
67                                     9.6075463747444034e-01
   &ATNO [&Type "ArrayOfIntegers", &Dim (59,1)] "Atomic number of the elements"
                                                         0

0                                                        6
1                                                        6
2                                                        6
3                                                        7
4                                                        6
5                                                        6
6                                                        6
7                                                        6
8                                                        6
9                                                        6
10                                                       6
11                                                       6
12                                                       7
13                                                       6
14                                                       6
15                                                       6
16                                                       6
17                                                       6
18                                                       8
19                                                       8
20                                                       6
21                                                       7
22                                                       7
23                                                       6
24                                                       6
25                                                       7
26                                                       8
27                                                       6
28                                                       6
29                                                       6
30                                                       6
31                                                       6
32                                                       8
33                                                       6
34                                                       1
35                                                       1
36                                                       1
37                                                       1
38                                                       1
39                                                       1
40                                                       1
41                                                       1
42                                                       1
43                                                       1
44                                                       1
45                                                       1
46                                                       1
47                                                       1
48                                                       1
49                                                       1
50                                                       1
51                                                       1
52                                                       1
53                                                       1
54                                                       1
55                                                       1
56                                                       1
57                                                       1
58                                                       1
   &NA [&Type "ArrayOfDoubles", &Dim (59,1)] "Mulliken gross atomic population"
                                                         0

0                                      6.2602079878069290e+00
1                                      6.3442632530652361e+00
2                                      5.7729163405776358e+00
3                                      6.7499250572278395e+00
4                                      6.2602230843687163e+00
5                                      6.3001815964552801e+00
6                                      5.9985279135281848e+00
7                                      6.2347591553517363e+00
8                                      6.2442887786940435e+00
9                                      5.9490561222723839e+00
10                                     6.2437641468550051e+00
11                                     6.2573422232592959e+00
12                                     6.6958620590852203e+00
13                                     6.2907929592905241e+00
14                                     6.4623728272980774e+00
15                                     6.0033195537361905e+00
16                                     6.0304777052724257e+00
17                                     6.0397034263628386e+00
18                                     8.4377223323610941e+00
19                                     8.4140859485002100e+00
20                                     5.6827891296815851e+00
21                                     7.4627560830313957e+00
22                                     6.1429902673167529e+00
23                                     6.0514774497287451e+00
24                                     5.9801688227289720e+00
25                                     7.3667314351313973e+00
26                                     8.4148223354104132e+00
27                                     6.1722502205067400e+00
28                                     6.3113870911396752e+00
29                                     5.6475698367805514e+00
30                                     6.2430337801555504e+00
31                                     6.2592951282494225e+00
32                                     8.1855725373732113e+00
33                                     6.3357176338736192e+00
34                                     8.4646538921859316e-01
35                                     8.4425380894365409e-01
36                                     8.2548936448474108e-01
37                                     8.1894519699379176e-01
38                                     8.3610703406885156e-01
39                                     8.5108479192019071e-01
40                                     8.3768211163205364e-01
41                                     8.4359907411543611e-01
42                                     8.4159240974579563e-01
43                                     8.4026230107522804e-01
44                                     8.5619297277844209e-01
45                                     8.5668506980961190e-01
46                                     8.3109899125741771e-01
47                                     8.2852383306266730e-01
48                                     8.1398711320346306e-01
49                                     8.0410860623623870e-01
50                                     7.2674875312713261e-01
51                                     7.4948803991158996e-01
52                                     8.4207326518621350e-01
53                                     8.3956687292406273e-01
54                                     8.4947010434945691e-01
55                                     8.4273856251184798e-01
56                                     8.4201040638287317e-01
57                                     8.4190968651494869e-01
58                                     8.4356201806925202e-01
   &ZA [&Type "ArrayOfDoubles", &Dim (59,1)] "Total nuclear charge"
                                                         0

0                                      6.0000000000000000e+00
1                                      6.0000000000000000e+00
2                                      6.0000000000000000e+00
3                                      7.0000000000000000e+00
4                                      6.0000000000000000e+00
5                                      6.0000000000000000e+00
6                                      6.0000000000000000e+00
7                                      6.0000000000000000e+00
8                                      6.0000000000000000e+00
9                                      6.0000000000000000e+00
10                                     6.0000000000000000e+00
11                                     6.0000000000000000e+00
12                                     7.0000000000000000e+00
13                                     6.0000000000000000e+00
14                                     6.0000000000000000e+00
15                                     6.0000000000000000e+00
16                                     6.0000000000000000e+00
17                                     6.0000000000000000e+00
18                                     8.0000000000000000e+00
19                                     8.0000000000000000e+00
20                                     6.0000000000000000e+00
21                                     7.0000000000000000e+00
22                                     7.0000000000000000e+00
23                                     6.0000000000000000e+00
24                                     6.0000000000000000e+00
25                                     7.0000000000000000e+00
26                                     8.0000000000000000e+00
27                                     6.0000000000000000e+00
28                                     6.0000000000000000e+00
29                                     6.0000000000000000e+00
30                                     6.0000000000000000e+00
31                                     6.0000000000000000e+00
32                                     8.0000000000000000e+00
33                                     6.0000000000000000e+00
34                                     1.0000000000000000e+00
35                                     1.0000000000000000e+00
36                                     1.0000000000000000e+00
37                                     1.0000000000000000e+00
38                                     1.0000000000000000e+00
39                                     1.0000000000000000e+00
40                                     1.0000000000000000e+00
41                                     1.0000000000000000e+00
42                                     1.0000000000000000e+00
43                                     1.0000000000000000e+00
44                                     1.0000000000000000e+00
45                                     1.0000000000000000e+00
46                                     1.0000000000000000e+00
47                                     1.0000000000000000e+00
48                                     1.0000000000000000e+00
49                                     1.0000000000000000e+00
50                                     1.0000000000000000e+00
51                                     1.0000000000000000e+00
52                                     1.0000000000000000e+00
53                                     1.0000000000000000e+00
54                                     1.0000000000000000e+00
55                                     1.0000000000000000e+00
56                                     1.0000000000000000e+00
57                                     1.0000000000000000e+00
58                                     1.0000000000000000e+00
   &QA [&Type "ArrayOfDoubles", &Dim (59,1)] "Mulliken gross atomic charge"
                                                         0

0                                     -2.6020798780692900e-01
1                                     -3.4426325306523609e-01
2                                      2.2708365942236419e-01
3                                      2.5007494277216047e-01
4                                     -2.6022308436871633e-01
5                                     -3.0018159645528009e-01
6                                      1.4720864718151816e-03
7                                     -2.3475915535173630e-01
8                                     -2.4428877869404353e-01
9                                      5.0943877727616105e-02
10                                    -2.4376414685500514e-01
11                                    -2.5734222325929590e-01
12                                     3.0413794091477975e-01
13                                    -2.9079295929052407e-01
14                                    -4.6237282729807738e-01
15                                    -3.3195537361905281e-03
16                                    -3.0477705272425659e-02
17                                    -3.9703426362838634e-02
18                                    -4.3772233236109415e-01
19                                    -4.1408594850020997e-01
20                                     3.1721087031841488e-01
21                                    -4.6275608303139570e-01
22                                     8.5700973268324709e-01
23                                    -5.1477449728745128e-02
24                                     1.9831177271028011e-02
25                                    -3.6673143513139728e-01
26                                    -4.1482233541041325e-01
27                                    -1.7225022050673999e-01
28                                    -3.1138709113967522e-01
29                                     3.5243016321944864e-01
30                                    -2.4303378015555044e-01
31                                    -2.5929512824942247e-01
32                                    -1.8557253737321133e-01
33                                    -3.3571763387361919e-01
34                                     1.5353461078140684e-01
35                                     1.5574619105634591e-01
36                                     1.7451063551525892e-01
37                                     1.8105480300620824e-01
38                                     1.6389296593114844e-01
39                                     1.4891520807980929e-01
40                                     1.6231788836794636e-01
41                                     1.5640092588456389e-01
42                                     1.5840759025420437e-01
43                                     1.5973769892477196e-01
44                                     1.4380702722155791e-01
45                                     1.4331493019038810e-01
46                                     1.6890100874258229e-01
47                                     1.7147616693733270e-01
48                                     1.8601288679653694e-01
49                                     1.9589139376376130e-01
50                                     2.7325124687286739e-01
51                                     2.5051196008841004e-01
52                                     1.5792673481378650e-01
53                                     1.6043312707593727e-01
54                                     1.5052989565054309e-01
55                                     1.5726143748815202e-01
56                                     1.5798959361712683e-01
57                                     1.5809031348505131e-01
58                                     1.5643798193074798e-01
   &VA [&Type "ArrayOfDoubles", &Dim (59,1)] "Mayer's total valence"
                                                         0

0                                      3.6038690802640572e+00
1                                      3.7076521331163388e+00
2                                      3.9373281515419158e+00
3                                      3.1682996421782645e+00
4                                      3.7653794433117120e+00
5                                      3.7124007662302079e+00
6                                      3.9234625985057976e+00
7                                      3.8138497668187323e+00
8                                      3.8114196187124616e+00
9                                      3.8929510332959278e+00
10                                     3.6607917541666413e+00
11                                     3.6507156782179475e+00
12                                     3.0953306465535837e+00
13                                     3.7109414744627229e+00
14                                     3.7304549025366427e+00
15                                     3.0611074424147589e+00
16                                     3.7050260421386927e+00
17                                     3.9374612597810259e+00
18                                     1.9833836500183573e+00
19                                     2.0394099680669271e+00
20                                     3.5954240055549977e+00
21                                     3.1663782182965132e+00
22                                     3.4563735278989345e+00
23                                     4.0451335942304256e+00
24                                     4.1599775248253490e+00
25                                     2.9968367628795018e+00
26                                     2.0134532579386555e+00
27                                     3.7677543143421603e+00
28                                     3.8170584123304105e+00
29                                     3.8563634194584493e+00
30                                     3.6944886107292794e+00
31                                     3.7561971050020571e+00
32                                     2.0024575906936040e+00
33                                     3.7593883555838259e+00
34                                     9.6379309010778969e-01
35                                     9.5981479367403211e-01
36                                     9.5625010833405422e-01
37                                     9.5538496592647437e-01
38                                     9.5022850639401968e-01
39                                     9.5289970023285442e-01
40                                     9.6220244860351023e-01
41                                     9.5949740415678464e-01
42                                     9.6794718651158973e-01
43                                     9.6561870233689040e-01
44                                     9.7258273855920951e-01
45                                     9.7358308649900527e-01
46                                     9.5080411778356622e-01
47                                     9.3671499831948191e-01
48                                     9.4734185812916416e-01
49                                     9.4966538006903423e-01
50                                     9.2712657390824937e-01
51                                     9.4077796948456682e-01
52                                     9.6761437943856499e-01
53                                     9.6828938845281043e-01
54                                     9.6986617838654710e-01
55                                     9.6897503236809113e-01
56                                     9.5208802370442092e-01
57                                     9.5785934351060897e-01
58                                     9.5228921424715296e-01
   &BVA [&Type "ArrayOfDoubles", &Dim (59,1)] "Mayer's bonded valence"
                                                         0

0                                      3.6038690802639897e+00
1                                      3.7076521331163508e+00
2                                      3.9373281515419118e+00
3                                      3.1682996421781926e+00
4                                      3.7653794433117027e+00
5                                      3.7124007662302150e+00
6                                      3.9234625985057341e+00
7                                      3.8138497668186946e+00
8                                      3.8114196187124154e+00
9                                      3.8929510332959389e+00
10                                     3.6607917541666501e+00
11                                     3.6507156782179786e+00
12                                     3.0953306465535952e+00
13                                     3.7109414744627589e+00
14                                     3.7304549025366383e+00
15                                     3.0611074424148765e+00
16                                     3.7050260421387646e+00
17                                     3.9374612597810890e+00
18                                     1.9833836500182995e+00
19                                     2.0394099680669884e+00
20                                     3.5954240055550488e+00
21                                     3.1663782182966003e+00
22                                     3.4563735278989887e+00
23                                     4.0451335942304718e+00
24                                     4.1599775248253881e+00
25                                     2.9968367628795844e+00
26                                     2.0134532579386963e+00
27                                     3.7677543143422603e+00
28                                     3.8170584123305389e+00
29                                     3.8563634194584755e+00
30                                     3.6944886107293184e+00
31                                     3.7561971050022662e+00
32                                     2.0024575906936102e+00
33                                     3.7593883555838370e+00
34                                     9.6379309010778003e-01
35                                     9.5981479367402234e-01
36                                     9.5625010833405177e-01
37                                     9.5538496592649302e-01
38                                     9.5022850639401935e-01
39                                     9.5289970023284765e-01
40                                     9.6220244860351922e-01
41                                     9.5949740415679219e-01
42                                     9.6794718651158373e-01
43                                     9.6561870233687941e-01
44                                     9.7258273855922028e-01
45                                     9.7358308649900793e-01
46                                     9.5080411778356488e-01
47                                     9.3671499831948546e-01
48                                     9.4734185812916194e-01
49                                     9.4966538006901879e-01
50                                     9.2712657390824682e-01
51                                     9.4077796948458026e-01
52                                     9.6761437943858464e-01
53                                     9.6828938845284207e-01
54                                     9.6986617838654099e-01
55                                     9.6897503236817217e-01
56                                     9.5208802370442269e-01
57                                     9.5785934351061253e-01
58                                     9.5228921424715762e-01
   &FA [&Type "ArrayOfDoubles", &Dim (59,1)] "Mayer's free valence"
                                                         0

0                                      0.0000000000000000e+00
1                                      0.0000000000000000e+00
2                                      0.0000000000000000e+00
3                                      0.0000000000000000e+00
4                                      0.0000000000000000e+00
5                                      0.0000000000000000e+00
6                                      0.0000000000000000e+00
7                                      0.0000000000000000e+00
8                                      0.0000000000000000e+00
9                                      0.0000000000000000e+00
10                                     0.0000000000000000e+00
11                                     0.0000000000000000e+00
12                                     0.0000000000000000e+00
13                                     0.0000000000000000e+00
14                                     0.0000000000000000e+00
15                                     0.0000000000000000e+00
16                                     0.0000000000000000e+00
17                                     0.0000000000000000e+00
18                                     0.0000000000000000e+00
19                                     0.0000000000000000e+00
20                                     0.0000000000000000e+00
21                                     0.0000000000000000e+00
22                                     0.0000000000000000e+00
23                                     0.0000000000000000e+00
24                                     0.0000000000000000e+00
25                                     0.0000000000000000e+00
26                                     0.0000000000000000e+00
27                                     0.0000000000000000e+00
28                                     0.0000000000000000e+00
29                                     0.0000000000000000e+00
30                                     0.0000000000000000e+00
31                                     0.0000000000000000e+00
32                                     0.0000000000000000e+00
33                                     0.0000000000000000e+00
34                                     0.0000000000000000e+00
35                                     0.0000000000000000e+00
36                                     0.0000000000000000e+00
37                                     0.0000000000000000e+00
38                                     0.0000000000000000e+00
39                                     0.0000000000000000e+00
40                                     0.0000000000000000e+00
41                                     0.0000000000000000e+00
42                                     0.0000000000000000e+00
43                                     0.0000000000000000e+00
44                                     0.0000000000000000e+00
45                                     0.0000000000000000e+00
46                                     0.0000000000000000e+00
47                                     0.0000000000000000e+00
48                                     0.0000000000000000e+00
49                                     0.0000000000000000e+00
50                                     0.0000000000000000e+00
51                                     0.0000000000000000e+00
52                                     0.0000000000000000e+00
53                                     0.0000000000000000e+00
54                                     0.0000000000000000e+00
55                                     0.0000000000000000e+00
56                                     0.0000000000000000e+00
57                                     0.0000000000000000e+00
58                                     0.0000000000000000e+00
   &Method [&Type "String"] "SCF"
   &Level [&Type "String"] "Relaxed density"
   &Mult [&Type "Integer"] 1
   &State [&Type "Integer"] -1
   &Irrep [&Type "Integer"] 0
$End
$SCF_Energy
   &GeometryIndex 1
   &Method [&Type "String"] "SCF"
   &totalEnergy [&Type "ArrayOfDoubles", &Dim (1,1)] "Total energy of each state"
                                                         0

0                                     -1.5421094968913485e+03
   &Mult [&Type "ArrayOfIntegers", &Dim (1,1)] "Multiplicity of each state"
                                                         0

0                                                        1
$End
$DFT_Energy
   &GeometryIndex 1
   &nAlphaEl [&Type "Integer"] 121
   &nBetaEl [&Type "Integer"] 121
   &nTotalEl [&Type "Integer"] 242
   &finalEn [&Type "Double"]      -1.5421094968913485e+03  "No Van der Waals correction"
   &eExchange [&Type "Double"]      -2.0554031133306498e+02
   &eCorr [&Type "Double"]      -7.9819082085524080e+00
   &eXC [&Type "Double"]      -2.1352221954161737e+02
   &eCNL [&Type "Double"]       0.0000000000000000e+00
$End
$SCF_Timings
   &GeometryIndex 1
   &TOTAL [&Type "Double"]       1.7720900000000000e+02
   &PREP [&Type "Double"]       4.1200000000000003e-01
   &FOCK [&Type "Double"]       1.6149999999999997e+02
   &DENS [&Type "Double"]       9.3099999999998317e-01
   &ETOT [&Type "Double"]       3.4300000000000352e-01
   &POP [&Type "Double"]       4.3899999999999295e-01
   &TRAFO [&Type "Double"]       7.4700000000000344e-01
   &DIIS [&Type "Double"]       3.0799999999999912e+00
   &SOSCF [&Type "Double"]       3.1020000000000039e+00
   &XC [&Type "Double"]       1.1866799999999998e+02
   &FOCKSTART [&Type "Double"]       1.3299999999994527e-01
   &INT_BF [&Type "Double"]       1.9012999999999693e+01
   &INT_DENS [&Type "Double"]       4.3652000000001031e+01
   &INT_DENSIO [&Type "Double"]       1.8885051669999999e+06
   &INT_FUNC [&Type "Double"]       4.1570000000002540e+00
   &INT_POT [&Type "Double"]       4.4787999999998839e+01
   &INT_POTIO [&Type "Double"]       6.5499999999993275e-01
   &INT_SUM [&Type "Double"]       9.9999999999766942e-04
   &SPLITRIJ [&Type "Double"]       4.8782000000000018e+01
$End
$VdW_Correction
   &GeometryIndex 1
   &vdW [&Type "Double"]      -2.9162954982148326e-02
$End
$gCP_Energy
   &GeometryIndex 1
   &gCP_Energy [&Type "Double"]       3.7788873399999999e-02
$End
$Single_Point_Data
   &GeometryIndex 1
   &FinalEnergy [&Type "Double"]      -1.5421008709729308e+03  "Final single point energy"
   &Converged [&Type "Boolean"] true
$End
$Calculation_Info
   &GeometryIndex 1
   &Mult [&Type "Integer"] 1
   &Charge [&Type "Integer"] 0
   &NumOfAtoms [&Type "Integer"] 59
   &NumOfElectrons [&Type "Integer"] 242
   &NumOfBasisFuncts [&Type "Integer"] 816
   &NumOfAuxCBasisFuncts [&Type "Integer"] 0
   &NumOfAuxJBasisFuncts [&Type "Integer"] 1295
   &NumOfAuxJKBasisFuncts [&Type "Integer"] 0
   &NumOfCABSBasisFuncts [&Type "Integer"] 0
$End
$SCF_Dipole_Moment
   &GeometryIndex 1
   &dipoleMagnitude [&Type "Double", &Units "a.u."]       2.6965834508270841e+00
   &dipoleElecContrib [&Type "ArrayOfDoubles", &Dim (3,1)] "Electronic contribution"
                                                         0

0                                      2.1846670463182633e+01
1                                     -1.8190847097907792e+01
2                                      2.4569273634622637e+00
   &dipoleNucContrib [&Type "ArrayOfDoubles", &Dim (3,1)] "Nuclear contribution"
                                                         0

0                                     -2.1213504705722826e+01
1                                      2.0497846781902087e+01
2                                     -3.7012809663039463e+00
   &dipoleTotal [&Type "ArrayOfDoubles", &Dim (3,1)] "Total"
                                                         0

0                                      6.3316575745980685e-01
1                                      2.3069996839942952e+00
2                                     -1.2443536028416826e+00
   &doAtomicDipole [&Type "Boolean"] false
   &Method [&Type "String"] "SCF"
   &Level [&Type "String"] "Relaxed density"
   &Mult [&Type "Integer"] 1
   &State [&Type "Integer"] -1
   &Irrep [&Type "Integer"] 0
$End
$Calculation_Timings
   &GeometryIndex 1
   &GTOINT [&Type "Double"]       4.0169999999999995e+00
   &SCF [&Type "Double"]       1.8434799999999998e+02
   &PROP [&Type "Double"]       6.6499999999999204e-01
   &SUM [&Type "Double"]       1.8902999999999997e+02
$End
