*************************************************
******************* ORCA 6.1.1 ******************
*************************************************
$Calculation_Status
   &GeometryIndex 0
   &version [&Type "String"] "6.1.1"
   &progName [&Type "String"] "orca"
   &Status [&Type "String"] "Running"
$End
$Geometry
   &GeometryIndex 1
   &NAtoms [&Type "Integer"] 179
   &NCorelessECP [&Type "Integer"] 0
   &NGhostAtoms [&Type "Integer"] 0
   &CartesianCoordinates [&Type "Coordinates", &Dim(179,4), &Units "Bohr"] 
              C     45.013911741258  -33.231935227183   -0.086758876383
              C     45.766840030211  -35.013111769204    2.048312725859
              C     48.212830862191  -36.462186612129    1.681798641433
              N     49.930260270982  -35.537646699366   -0.034794998180
              C     49.328348179904  -33.522342462395   -1.885366649106
              C     47.322313956688  -31.727198671059   -0.904323131254
              C     52.306309239595  -36.771178547977   -0.339780998084
              C     53.875357975960  -37.187806071879    1.745281005135
              C     56.207850646913  -38.337414748246    1.441176108939
              C     57.033827376717  -39.065487034723   -0.961674146233
              C     55.483138539167  -38.629016309271   -3.046655042406
              C     53.127850177450  -37.500626347210   -2.734067260081
              N     59.407480437154  -40.293925428896   -1.259165889132
              C     59.580732645604  -42.361528819281   -3.147427409702
              C     61.463185677162  -44.396897922678   -2.359767938620
              C     63.867232733689  -43.137680784173   -1.624950369195
              C     63.840298637178  -40.695344928201   -0.693395037132
              C     61.560799121562  -39.153100974387   -0.315056369368
              O     48.650058970980  -38.349741450715    2.971835228969
              O     61.563018907262  -37.099607280873    0.770833746428
              C     66.430080714900  -43.828688908225   -1.631599332802
              N     67.879304052504  -41.924269152066   -0.769642784327
              N     66.296370175425  -40.042478393929   -0.189531821149
              C     67.313381720058  -37.741233119388    0.795740374668
              C     67.542664006023  -46.269174344368   -2.438243559543
              N     70.094652298060  -46.365152514257   -2.463329182642
              O     66.173286340788  -48.054623727253   -3.047255843035
              C     66.678131326190  -36.947212074249    3.225318349360
              C     67.738950898902  -34.759540455295    4.181607154056
              C     69.452199269724  -33.356943143174    2.723191942872
              C     70.099601339626  -34.175271508807    0.294870069141
              C     69.017253628852  -36.377146082616   -0.657375628697
              O     70.382075750192  -31.244435891423    3.835346644108
              C     72.167638497748  -29.764196724447    2.431229160696
              H     44.294309641950  -34.321039748236   -1.700467718342
              H     43.485218182071  -31.984929272189    0.542425893437
              H     46.033047489243  -33.931843356613    3.803415847136
              H     44.300908660096  -36.417469682472    2.444566261934
              H     51.090785819636  -32.513348421035   -2.285400223264
              H     48.676016381436  -34.381990710397   -3.661358670787
              H     48.067077551599  -30.637779378324    0.697870910172
              H     46.858946929248  -30.387318232378   -2.413920554323
              H     53.256472742693  -36.618679141854    3.614170319497
              H     57.399627144664  -38.675765242543    3.074321823534
              H     56.096616736842  -39.163685443847   -4.930031054002
              H     51.938204270326  -37.196113931573   -4.377539609902
              H     57.694421794835  -43.177286080228   -3.339960588383
              H     60.139739298496  -41.572006871916   -4.986488398595
              H     60.721319674922  -45.500362434828   -0.764644439805
              H     61.745693006757  -45.706935182642   -3.930872772608
              H     71.144329081726  -44.879671152499   -1.891836901313
              H     70.967796611063  -47.996354777804   -2.923478460011
              H     65.365501286380  -38.043435042470    4.355654011243
              H     67.273034782085  -34.112556714067    6.072658288346
              H     71.420224505242  -33.130252484321   -0.870253202094
              H     69.497733430345  -37.022620745246   -2.545926447442
              H     71.324105758626  -29.029576083382    0.686152453854
              H     72.677698711539  -28.188874040625    3.660793132447
              H     73.865542141185  -30.865781450422    1.983626738891
              C     70.268217520747  -38.551052558466   23.596192096145
              O     70.122667639173  -37.538640550551   21.530033798232
              H     69.082664117922  -40.203303744425   24.029838795964
              N     71.883498406979  -37.644323182234   25.350003343945
              C     72.056488019085  -38.847599740654   27.805683274245
              C     73.445974978207  -35.466640882391   24.778259407787
              H     73.449430890463  -37.858886939362   28.957445860460
              H     70.219958582910  -38.775985242891   28.735569354522
              H     72.629995787823  -40.811629225851   27.568334956839
              H     74.617621697439  -35.016017204238   26.411524137333
              H     72.239633208409  -33.855837607747   24.330437532086
              H     74.652378334179  -35.893768820733   23.161891645569
              C     44.784625278998  -49.755967824986   17.481285143931
              O     46.878183415325  -49.188855607582   16.699894688120
              H     43.087145368852  -49.106567464184   16.471155679522
              N     44.550786560968  -51.179940169558   19.584798055176
              C     42.062541244764  -51.853966968906   20.513499806290
              C     46.788193995424  -52.035752065639   20.916007428799
              H     42.252597011381  -52.998999408879   22.215610074587
              H     41.006633542706  -50.140622316538   20.951867457732
              H     41.059635145118  -52.928496561412   19.070508917756
              H     46.226336577275  -53.151680909012   22.553807916807
              H     47.882692437370  -50.402923239220   21.537646597757
              H     47.935753585053  -53.193929913031   19.654174172333
              C     61.843765749093  -15.685256488333   13.895107602217
              O     61.424140741598  -16.703604674055   11.869754614248
              H     62.281404570960  -16.839884504079   15.568077046310
              N     61.771156726261  -13.142352884610   14.083558311045
              C     62.269891357797  -11.932021033669   16.490740158667
              C     61.194328444145  -11.620728072794   11.878461640794
              H     62.126729560933   -9.888303441466   16.273661913047
              H     60.891352508136  -12.574056772680   17.880012596077
              H     64.166158911004  -12.424701908638   17.126422525032
              H     61.222318519620   -9.626861210339   12.395262224246
              H     59.324564829090  -12.122335239232   11.169330891940
              H     62.603050793302  -11.972812567509   10.414894110203
              C     73.717467717777  -58.048123857327    7.629514341620
              O     73.613016620615  -55.821853353766    7.039613916767
              H     71.993001403500  -59.209784999106    7.612791210198
              N     75.948340895001  -59.086042859474    8.302621619129
              C     76.072483599882  -61.732020101185    9.003732804908
              C     78.221078573668  -57.554799965246    8.324598359278
              H     78.014536344930  -62.223976663024    9.484159391714
              H     74.855408431308  -62.068288665304   10.631095296129
              H     75.440741482582  -62.891015141746    7.422502402554
              H     79.820969473573  -58.711302948365    8.913004161938
              H     77.980360893463  -55.989366445050    9.644433565789
              H     78.566351607225  -56.813017318825    6.432235528285
              C     34.235934004274  -31.796098596127    2.110416874497
              O     35.933306880332  -33.353110476219    2.209473635025
              H     34.664600349765  -29.820880722793    1.622277616140
              N     31.832343259917  -32.496517102792    2.599609881940
              C     29.814973835740  -30.645970207279    2.481878488708
              C     31.267567764467  -35.099909725124    3.242960397909
              H     28.022103781786  -31.556187791187    2.930789111224
              H     30.182469632893  -29.143119673426    3.841674165300
              H     29.725234124251  -29.848778617427    0.584751828207
              H     29.243862617686  -35.301332099950    3.570707053054
              H     32.297373737684  -35.623042516289    4.950685174831
              H     31.839624469197  -36.329494313787    1.690103383079
              C     82.153884498317  -24.688854744740   -2.937284232227
              O     79.870759505318  -24.641258042530   -2.620664983757
              H     83.139054913484  -26.510054250086   -3.127526061279
              N     83.471193178780  -22.507530659178   -3.054192422961
              C     86.184743379869  -22.564100518066   -3.430502186261
              C     82.172548926499  -20.107287791434   -2.803430432614
              H     86.911645056595  -20.636882879059   -3.473467245306
              H     87.070188184840  -23.598542707585   -1.885000949305
              H     86.610366642675  -23.499361867639   -5.215659927712
              H     83.537703318385  -18.571269200218   -2.946160086906
              H     81.231979581880  -20.024827758547   -0.970667012754
              H     80.771641388590  -19.925535481450   -4.305068310310
              C     51.908491992939  -61.282344196277   -7.860595344508
              O     53.614778045766  -59.787073977557   -7.450805435574
              H     49.932357167792  -60.714981609058   -7.549932758477
              N     52.444896576407  -63.632485340848   -8.695011969171
              C     50.416933630982  -65.409650769074   -9.182057378452
              C     55.049513741273  -64.380076325103   -9.104403618322
              H     51.211133311933  -67.193716211025   -9.838378350995
              H     49.352286928212  -65.727729660907   -7.447695702248
              H     49.164310540644  -64.642218945427  -10.625885963684
              H     55.106513569547  -66.327672997504   -9.772976460178
              H     56.092713186259  -64.229223777511   -7.332548509505
              H     55.904525584001  -63.142493394989  -10.514309767519
              C     48.254527801617  -18.255807352314  -13.659455654168
              O     49.955694737525  -18.977550813687  -12.280945452754
              H     46.781397500897  -19.587091237839  -14.276781088587
              N     48.179583738687  -15.824335607474  -14.427227080499
              C     46.157705012215  -14.966525760643  -16.065620356697
              C     50.121268894207  -14.069856473766  -13.613478938583
              H     46.413326886849  -12.964740227592  -16.480243070143
              H     46.194520411091  -16.042495777997  -17.821635818855
              H     44.346767078825  -15.248096504172  -15.125472005267
              H     49.746220749869  -12.211052382116  -14.418188595989
              H     51.962711145899  -14.739344509989  -14.254858961523
              H     50.112881684912  -13.944052661819  -11.555665746866
              C     76.444408196997  -44.997557805630  -18.697142875341
              O     75.796141010470  -43.455044565843  -17.111086301414
              H     75.312323026658  -46.715127375409  -19.000224352554
              N     78.550247096551  -44.597144755568  -20.079986426649
              C     79.320728579130  -46.430459692000  -21.965053667546
              C     80.042201488413  -42.333319573369  -19.680371691391
              H     81.050045045605  -45.786802435685  -22.881334040913
              H     79.659520305583  -48.247656303859  -21.056387699972
              H     77.831278546827  -46.633803086825  -23.373189748068
              H     81.656454363628  -42.341646349222  -20.960016070205
              H     80.709373835334  -42.287264793198  -17.730178856535
              H     78.879077849784  -40.671598251657  -20.049584059072
              C     47.941170881858  -41.982738129026  -23.137630264318
              O     49.864991964906  -41.555302297604  -21.941225657190
              H     46.116931752026  -42.137322224328  -22.151843420486
              N     48.050598043670  -42.265979957375  -25.670404274559
              C     45.764089401542  -42.773997981928  -27.092360583702
              C     50.455048689007  -42.062200942882  -26.969486867715
              H     46.223926798509  -42.942289470304  -29.093517083616
              H     44.921148241186  -44.532936245702  -26.430360927436
              H     44.429946284787  -41.228307262132  -26.821141930011
              H     50.168450385791  -42.343717640243  -28.989878209644
              H     51.746879325843  -43.498977523716  -26.250224219913
              H     51.255125456029  -40.190635473958  -26.641444300355
$End
$Single_Point_Data
   &GeometryIndex 1
   &FinalEnergy [&Type "Double"]      -2.6699959073030999e+02  "Final single point energy"
   &Converged [&Type "Boolean"] true
$End
