*************************************************
******************* ORCA 6.1.1 ******************
*************************************************
$Calculation_Status
   &GeometryIndex 1
   &version [&Type "String"] "6.1.1"
   &progName [&Type "String"] "LeanSCF"
   &Status [&Type "String"] "NORMAL TERMINATION"
$End
$Geometry
   &GeometryIndex 1
   &NAtoms [&Type "Integer"] 59
   &NCorelessECP [&Type "Integer"] 0
   &NGhostAtoms [&Type "Integer"] 0
   &CartesianCoordinates [&Type "Coordinates", &Dim(59,4), &Units "Bohr"] 
              C     44.907982859548  -33.315217895789   -0.063205670001
              C     45.755213225800  -34.923629948784    2.171833899824
              C     48.216470021390  -36.375009539503    1.845236311550
              N     49.869247174832  -35.571184292821   -0.016714627655
              C     49.155680917484  -33.737577355899   -1.992479992453
              C     47.176729474424  -31.871060838355   -1.081499715074
              C     52.252788983165  -36.792984834982   -0.312046697042
              C     53.815768240448  -37.223180989369    1.774241190425
              C     56.155765089477  -38.347677643168    1.468685702653
              C     57.001672647435  -39.053187998006   -0.931619866214
              C     55.457868441232  -38.604308121333   -3.016191882352
              C     53.094556151163  -37.497504973326   -2.705757121702
              N     59.382852298100  -40.268170408276   -1.233603771593
              C     59.584841345103  -42.277319674956   -3.168645538206
              C     61.472821372076  -44.325157304777   -2.422071434478
              C     63.864029799335  -43.058865050519   -1.661711778602
              C     63.826737943808  -40.653408088211   -0.644162285627
              C     61.525540951761  -39.160679399956   -0.192321208101
              O     48.718454981879  -38.116545239728    3.277484314889
              O     61.478639838843  -37.190698486853    1.021128634273
              C     66.427509440414  -43.729963492458   -1.729326179674
              N     67.877314889263  -41.852513019503   -0.823351786823
              N     66.293554313685  -40.000689122650   -0.149377181708
              C     67.331344663281  -37.705590276837    0.822495740885
              C     67.529592052538  -46.133131996418   -2.642961522272
              N     70.093578140221  -46.264545441497   -2.543614839959
              O     66.183364382816  -47.843434303102   -3.442623702280
              C     66.518486525679  -36.728567850529    3.129103018854
              C     67.613958875787  -34.550329668837    4.061771683072
              C     69.539113595267  -33.339308124545    2.711904400815
              C     70.368763839295  -34.338043504131    0.414532214463
              C     69.251202480407  -36.527412172751   -0.519398786813
              O     70.484195870459  -31.208963161991    3.800072959416
              C     72.457408215251  -29.914207852704    2.506665024863
              H     44.135360770790  -34.525680081146   -1.562750600421
              H     43.390192623305  -32.029514374684    0.513657798818
              H     46.056121877009  -33.717533030797    3.836327355295
              H     44.334275233373  -36.319377891846    2.724724302908
              H     50.884081131353  -32.755671877261   -2.573880693720
              H     48.417497197791  -34.736256043702   -3.664802583298
              H     47.977980914111  -30.662987266831    0.403876048794
              H     46.650563578326  -30.644326221258   -2.665570205738
              H     53.175392965994  -36.698101685798    3.645279822608
              H     57.350455620520  -38.673150844392    3.099099837025
              H     56.086225057475  -39.106393237307   -4.903125001047
              H     51.914709418901  -37.195284852180   -4.355391660582
              H     57.699605200476  -43.089635461157   -3.403145433616
              H     60.162901010565  -41.448570830294   -4.989224703161
              H     60.733360197516  -45.458316463173   -0.847092416244
              H     61.790525909164  -45.618563349604   -4.000982972796
              H     71.099362198287  -44.860590417836   -1.743691877744
              H     70.935033503407  -47.899719796001   -3.024710767763
              H     65.025999722369  -37.663417258706    4.171037537861
              H     67.010435150670  -33.750557884713    5.850418255816
              H     71.856889154687  -33.440612563132   -0.667436152692
              H     69.875341227919  -37.326819239732   -2.301599503714
              H     71.828894751739  -29.245541488299    0.645165730204
              H     72.935261373010  -28.293582499706    3.688369357914
              H     74.132092963763  -31.119546990512    2.282834523204
$End
$SCF_Mulliken_Population_Analysis
   &GeometryIndex 1
   &NAtoms [&Type "Integer"] 59
   &ATNO [&Type "ArrayOfIntegers", &Dim (59,1)] 
                                                         0

0                                                        6
1                                                        6
2                                                        6
3                                                        7
4                                                        6
5                                                        6
6                                                        6
7                                                        6
8                                                        6
9                                                        6
10                                                       6
11                                                       6
12                                                       7
13                                                       6
14                                                       6
15                                                       6
16                                                       6
17                                                       6
18                                                       8
19                                                       8
20                                                       6
21                                                       7
22                                                       7
23                                                       6
24                                                       6
25                                                       7
26                                                       8
27                                                       6
28                                                       6
29                                                       6
30                                                       6
31                                                       6
32                                                       8
33                                                       6
34                                                       1
35                                                       1
36                                                       1
37                                                       1
38                                                       1
39                                                       1
40                                                       1
41                                                       1
42                                                       1
43                                                       1
44                                                       1
45                                                       1
46                                                       1
47                                                       1
48                                                       1
49                                                       1
50                                                       1
51                                                       1
52                                                       1
53                                                       1
54                                                       1
55                                                       1
56                                                       1
57                                                       1
58                                                       1
   &AtomicCharges [&Type "ArrayOfDoubles", &Dim (59,1)] 
                                                         0

0                                     -2.6550571119093203e-01
1                                     -3.6948550099786104e-01
2                                      2.9062949236989599e-01
3                                      2.4852822665500263e-01
4                                     -2.8558372394385856e-01
5                                     -3.3890530821830200e-01
6                                      6.5166755786643549e-02
7                                     -3.2745907914251404e-01
8                                     -3.1987442323040050e-01
9                                      3.0009241400289710e-02
10                                    -2.6956947766872474e-01
11                                    -2.8304293593795826e-01
12                                     3.1232454318190062e-01
13                                    -2.9713073418671510e-01
14                                    -4.7822540143719383e-01
15                                     2.0373140442251803e-02
16                                    -2.1425229533690526e-02
17                                    -1.6650760411627274e-03
18                                    -5.3612824898077172e-01
19                                    -4.9265413074149222e-01
20                                     3.0336226922302334e-01
21                                    -5.3273461528892252e-01
22                                     9.0662341325690665e-01
23                                    -1.8247173730190802e-02
24                                     6.8963256075937451e-02
25                                    -4.3481690360498781e-01
26                                    -5.0361240313109867e-01
27                                    -2.4919231654426355e-01
28                                    -3.5859486909208904e-01
29                                     3.3620413986302999e-01
30                                    -2.4496564057842285e-01
31                                    -3.0366786082096375e-01
32                                    -2.1410542373067898e-01
33                                    -3.4826608125354408e-01
34                                     1.6787258042042108e-01
35                                     1.6872181398199437e-01
36                                     1.9852871036510478e-01
37                                     1.8773470973029827e-01
38                                     1.8391949521167006e-01
39                                     1.8194338330115589e-01
40                                     1.7514341531854716e-01
41                                     1.7464054557976882e-01
42                                     1.9072254705349034e-01
43                                     1.9014922118415267e-01
44                                     1.8498253520347463e-01
45                                     1.8430257218510482e-01
46                                     1.8869766379768926e-01
47                                     2.0091101510297582e-01
48                                     2.1029827810201351e-01
49                                     1.9963563921303429e-01
50                                     3.1781025788733475e-01
51                                     3.0320118711067867e-01
52                                     1.9793120507118322e-01
53                                     1.9141176224692802e-01
54                                     1.9423099022580836e-01
55                                     1.9263683367880291e-01
56                                     1.7609321304983294e-01
57                                     1.7575533531107324e-01
58                                     1.7539888043945273e-01
   &Method [&Type "String"] "SCF"
   &Level [&Type "String"] "Relaxed density"
   &Mult [&Type "Integer"] 1
   &State [&Type "Integer"] -1
   &Irrep [&Type "Integer"] 0
$End
$SCF_Loewdin_Population_Analysis
   &GeometryIndex 1
   &NAtoms [&Type "Integer"] 59
   &ATNO [&Type "ArrayOfIntegers", &Dim (59,1)] 
                                                         0

0                                                        6
1                                                        6
2                                                        6
3                                                        7
4                                                        6
5                                                        6
6                                                        6
7                                                        6
8                                                        6
9                                                        6
10                                                       6
11                                                       6
12                                                       7
13                                                       6
14                                                       6
15                                                       6
16                                                       6
17                                                       6
18                                                       8
19                                                       8
20                                                       6
21                                                       7
22                                                       7
23                                                       6
24                                                       6
25                                                       7
26                                                       8
27                                                       6
28                                                       6
29                                                       6
30                                                       6
31                                                       6
32                                                       8
33                                                       6
34                                                       1
35                                                       1
36                                                       1
37                                                       1
38                                                       1
39                                                       1
40                                                       1
41                                                       1
42                                                       1
43                                                       1
44                                                       1
45                                                       1
46                                                       1
47                                                       1
48                                                       1
49                                                       1
50                                                       1
51                                                       1
52                                                       1
53                                                       1
54                                                       1
55                                                       1
56                                                       1
57                                                       1
58                                                       1
   &AtomicCharges [&Type "ArrayOfDoubles", &Dim (59,1)] 
                                                         0

0                                     -2.8828425512625877e-01
1                                     -2.3115643876064329e-01
2                                      3.6494592188713693e-01
3                                     -7.3815331566853892e-01
4                                     -8.8986540497311140e-03
5                                     -2.6718566822725265e-01
6                                      1.3698461244180749e-01
7                                     -1.1101016709900957e-01
8                                     -1.1163039902408389e-01
9                                      1.3564155737855454e-01
10                                    -1.2313107970121528e-01
11                                    -1.2370317579604517e-01
12                                    -7.3012768795497518e-01
13                                     6.9713020978703355e-03
14                                    -2.2500367157855727e-01
15                                     3.5686556650045276e-02
16                                     2.5651074030089571e-01
17                                     4.0570749998583455e-01
18                                    -5.4621406914463932e-01
19                                    -5.0414575847691090e-01
20                                     2.1043377783724093e-01
21                                    -3.4103410749091889e-01
22                                    -5.6212373583426611e-01
23                                     1.4994449945549526e-01
24                                     3.4963851104751686e-01
25                                    -4.4637165442580162e-01
26                                    -5.3560700675471473e-01
27                                    -9.0820099656870212e-02
28                                    -1.3369196264978012e-01
29                                     1.8874817078933148e-01
30                                    -1.6220657718284581e-01
31                                    -9.4569120024040387e-02
32                                    -6.9584556016102894e-01
33                                    -5.2527195348918809e-02
34                                     1.6551043591060255e-01
35                                     1.6569934268898279e-01
36                                     1.9328795006234945e-01
37                                     1.8626989679775052e-01
38                                     1.9811963989391645e-01
39                                     1.8439732140136211e-01
40                                     1.6759048100333329e-01
41                                     1.7197906326657419e-01
42                                     1.9733721392877135e-01
43                                     1.9615091778527738e-01
44                                     1.9424890497687086e-01
45                                     1.9378189057915784e-01
46                                     2.0631028128211226e-01
47                                     1.9061310561036338e-01
48                                     1.8796325506384637e-01
49                                     1.9206466370099762e-01
50                                     2.8301748025507090e-01
51                                     2.7750956398747273e-01
52                                     2.0073161798251571e-01
53                                     1.9571296983010589e-01
54                                     1.9595770905738141e-01
55                                     1.9721235245289304e-01
56                                     1.7652256388379317e-01
57                                     1.8766351457637942e-01
58                                     1.7657607428753908e-01
   &Method [&Type "String"] "SCF"
   &Level [&Type "String"] "Relaxed density"
   &Mult [&Type "Integer"] 1
   &State [&Type "Integer"] -1
   &Irrep [&Type "Integer"] 0
$End
$SCF_Mayer_Population_Analysis
   &GeometryIndex 1
   &NAtoms [&Type "Integer"] 59 "Total number of atoms"
   &NBondOrdersPrint [&Type "Integer"] 67 "The number of bond orders larger than threshold"
   &bondThresh [&Type "Double"]       1.0000000000000001e-01  "The threshold for printing"
   &components [&Type "ArrayOfIntegers", &Dim (67,4)] "The indices and atomic numbers of the bonding atoms"
                                                         0                           1                           2                           3

0                                                        0                           6                           1                           6
1                                                        0                           6                           5                           6
2                                                        0                           6                          34                           1
3                                                        0                           6                          35                           1
4                                                        1                           6                           2                           6
5                                                        1                           6                          36                           1
6                                                        1                           6                          37                           1
7                                                        2                           6                           3                           7
8                                                        2                           6                          18                           8
9                                                        3                           7                           4                           6
10                                                       3                           7                           6                           6
11                                                       4                           6                           5                           6
12                                                       4                           6                          38                           1
13                                                       4                           6                          39                           1
14                                                       5                           6                          40                           1
15                                                       5                           6                          41                           1
16                                                       6                           6                           7                           6
17                                                       6                           6                           9                           6
18                                                       6                           6                          11                           6
19                                                       7                           6                           8                           6
20                                                       7                           6                          42                           1
21                                                       8                           6                           9                           6
22                                                       8                           6                          43                           1
23                                                       9                           6                          10                           6
24                                                       9                           6                          12                           7
25                                                      10                           6                          11                           6
26                                                      10                           6                          44                           1
27                                                      11                           6                          45                           1
28                                                      12                           7                          13                           6
29                                                      12                           7                          17                           6
30                                                      13                           6                          14                           6
31                                                      13                           6                          46                           1
32                                                      13                           6                          47                           1
33                                                      14                           6                          15                           6
34                                                      14                           6                          48                           1
35                                                      14                           6                          49                           1
36                                                      15                           6                          16                           6
37                                                      15                           6                          20                           6
38                                                      15                           6                          21                           7
39                                                      16                           6                          17                           6
40                                                      16                           6                          21                           7
41                                                      16                           6                          22                           7
42                                                      17                           6                          19                           8
43                                                      20                           6                          21                           7
44                                                      20                           6                          24                           6
45                                                      21                           7                          22                           7
46                                                      21                           7                          23                           6
47                                                      22                           7                          23                           6
48                                                      23                           6                          27                           6
49                                                      23                           6                          31                           6
50                                                      24                           6                          25                           7
51                                                      24                           6                          26                           8
52                                                      25                           7                          50                           1
53                                                      25                           7                          51                           1
54                                                      27                           6                          28                           6
55                                                      27                           6                          52                           1
56                                                      28                           6                          29                           6
57                                                      28                           6                          53                           1
58                                                      29                           6                          30                           6
59                                                      29                           6                          32                           8
60                                                      30                           6                          31                           6
61                                                      30                           6                          54                           1
62                                                      31                           6                          55                           1
63                                                      32                           8                          33                           6
64                                                      33                           6                          56                           1
65                                                      33                           6                          57                           1
66                                                      33                           6                          58                           1
   &BondOrders [&Type "ArrayOfDoubles", &Dim (67,1)] "The bond orders"
                                                         0

0                                      8.9678575294851948e-01
1                                      8.7940145716152440e-01
2                                      9.8038347003251269e-01
3                                      9.5485032359166699e-01
4                                      9.2854790494722916e-01
5                                      9.3421271113100124e-01
6                                      9.5518657041574284e-01
7                                      1.1897799614735998e+00
8                                      1.7426286329972864e+00
9                                      8.7457751755516977e-01
10                                     9.3743664744994626e-01
11                                     9.3902265396562790e-01
12                                     9.3039030508474740e-01
13                                     9.2909935424242818e-01
14                                     9.9411283229319736e-01
15                                     9.5039823095060494e-01
16                                     1.3348001414450383e+00
17                                     1.2373800481874533e-01
18                                     1.3193035147479686e+00
19                                     1.3604400467264111e+00
20                                     9.5261694643217198e-01
21                                     1.3491199329731951e+00
22                                     9.5119111777106857e-01
23                                     1.3315354396792387e+00
24                                     9.6944742978343101e-01
25                                     1.2711599931153532e+00
26                                     9.5993414608298844e-01
27                                     9.5224174801067196e-01
28                                     8.1060878631260103e-01
29                                     1.1740982529439794e+00
30                                     9.1302777708344451e-01
31                                     9.3275589425190741e-01
32                                     9.3701601877126517e-01
33                                     8.2335079206188744e-01
34                                     9.8149517931374364e-01
35                                     9.8730308481884255e-01
36                                     1.2093333669328379e+00
37                                     1.1703497060501018e+00
38                                    -2.0467374368332164e-01
39                                     9.7117354447622017e-01
40                                     3.1486709944146829e-01
41                                     1.2546121260637775e+00
42                                     1.8386927846754890e+00
43                                     1.4671552222756374e+00
44                                     9.6300325503998052e-01
45                                     1.1627398965321318e+00
46                                     1.0267595090826905e-01
47                                     8.9044023518641213e-01
48                                     1.3620232977075966e+00
49                                     1.3349938833708646e+00
50                                     1.1301137981307661e+00
51                                     1.8841796221808333e+00
52                                     8.7877019543331125e-01
53                                     8.9771711828021405e-01
54                                     1.3715773637842377e+00
55                                     9.3068743262939158e-01
56                                     1.3425958455847202e+00
57                                     9.5115198280434265e-01
58                                     1.3429265944732256e+00
59                                     1.0504318022466412e+00
60                                     1.3198544425827294e+00
61                                     9.2134141853406859e-01
62                                     9.6679639727200017e-01
63                                     8.4671876876783658e-01
64                                     9.5381600114030074e-01
65                                     9.5936290908194821e-01
66                                     9.5258302790551808e-01
   &ATNO [&Type "ArrayOfIntegers", &Dim (59,1)] "Atomic number of the elements"
                                                         0

0                                                        6
1                                                        6
2                                                        6
3                                                        7
4                                                        6
5                                                        6
6                                                        6
7                                                        6
8                                                        6
9                                                        6
10                                                       6
11                                                       6
12                                                       7
13                                                       6
14                                                       6
15                                                       6
16                                                       6
17                                                       6
18                                                       8
19                                                       8
20                                                       6
21                                                       7
22                                                       7
23                                                       6
24                                                       6
25                                                       7
26                                                       8
27                                                       6
28                                                       6
29                                                       6
30                                                       6
31                                                       6
32                                                       8
33                                                       6
34                                                       1
35                                                       1
36                                                       1
37                                                       1
38                                                       1
39                                                       1
40                                                       1
41                                                       1
42                                                       1
43                                                       1
44                                                       1
45                                                       1
46                                                       1
47                                                       1
48                                                       1
49                                                       1
50                                                       1
51                                                       1
52                                                       1
53                                                       1
54                                                       1
55                                                       1
56                                                       1
57                                                       1
58                                                       1
   &NA [&Type "ArrayOfDoubles", &Dim (59,1)] "Mulliken gross atomic population"
                                                         0

0                                      6.2655057111909329e+00
1                                      6.3694855009978628e+00
2                                      5.7093705076300996e+00
3                                      6.7514717733449991e+00
4                                      6.2855837239438577e+00
5                                      6.3389053082182976e+00
6                                      5.9348332442133493e+00
7                                      6.3274590791425167e+00
8                                      6.3198744232304040e+00
9                                      5.9699907585997121e+00
10                                     6.2695694776687256e+00
11                                     6.2830429359379707e+00
12                                     6.6876754568180976e+00
13                                     6.2971307341867098e+00
14                                     6.4782254014372027e+00
15                                     5.9796268595577544e+00
16                                     6.0214252295336816e+00
17                                     6.0016650760411574e+00
18                                     8.5361282489807770e+00
19                                     8.4926541307414922e+00
20                                     5.6966377307769740e+00
21                                     7.5327346152889119e+00
22                                     6.0933765867430818e+00
23                                     6.0182471737301917e+00
24                                     5.9310367439240599e+00
25                                     7.4348169036049860e+00
26                                     8.5036124031311022e+00
27                                     6.2491923165442644e+00
28                                     6.3585948690920837e+00
29                                     5.6637958601369665e+00
30                                     6.2449656405784193e+00
31                                     6.3036678608209682e+00
32                                     8.2141054237306825e+00
33                                     6.3482660812535432e+00
34                                     8.3212741957957892e-01
35                                     8.3127818601800618e-01
36                                     8.0147128963489522e-01
37                                     8.1226529026970185e-01
38                                     8.1608050478832994e-01
39                                     8.1805661669884433e-01
40                                     8.2485658468145273e-01
41                                     8.2535945442023129e-01
42                                     8.0927745294650988e-01
43                                     8.0985077881584711e-01
44                                     8.1501746479652548e-01
45                                     8.1569742781489496e-01
46                                     8.1130233620231085e-01
47                                     7.9908898489702385e-01
48                                     7.8970172189798715e-01
49                                     8.0036436078696549e-01
50                                     6.8218974211266548e-01
51                                     6.9679881288932100e-01
52                                     8.0206879492881666e-01
53                                     8.0858823775307198e-01
54                                     8.0576900977419175e-01
55                                     8.0736316632119709e-01
56                                     8.2390678695016739e-01
57                                     8.2424466468892710e-01
58                                     8.2460111956054705e-01
   &ZA [&Type "ArrayOfDoubles", &Dim (59,1)] "Total nuclear charge"
                                                         0

0                                      6.0000000000000000e+00
1                                      6.0000000000000000e+00
2                                      6.0000000000000000e+00
3                                      7.0000000000000000e+00
4                                      6.0000000000000000e+00
5                                      6.0000000000000000e+00
6                                      6.0000000000000000e+00
7                                      6.0000000000000000e+00
8                                      6.0000000000000000e+00
9                                      6.0000000000000000e+00
10                                     6.0000000000000000e+00
11                                     6.0000000000000000e+00
12                                     7.0000000000000000e+00
13                                     6.0000000000000000e+00
14                                     6.0000000000000000e+00
15                                     6.0000000000000000e+00
16                                     6.0000000000000000e+00
17                                     6.0000000000000000e+00
18                                     8.0000000000000000e+00
19                                     8.0000000000000000e+00
20                                     6.0000000000000000e+00
21                                     7.0000000000000000e+00
22                                     7.0000000000000000e+00
23                                     6.0000000000000000e+00
24                                     6.0000000000000000e+00
25                                     7.0000000000000000e+00
26                                     8.0000000000000000e+00
27                                     6.0000000000000000e+00
28                                     6.0000000000000000e+00
29                                     6.0000000000000000e+00
30                                     6.0000000000000000e+00
31                                     6.0000000000000000e+00
32                                     8.0000000000000000e+00
33                                     6.0000000000000000e+00
34                                     1.0000000000000000e+00
35                                     1.0000000000000000e+00
36                                     1.0000000000000000e+00
37                                     1.0000000000000000e+00
38                                     1.0000000000000000e+00
39                                     1.0000000000000000e+00
40                                     1.0000000000000000e+00
41                                     1.0000000000000000e+00
42                                     1.0000000000000000e+00
43                                     1.0000000000000000e+00
44                                     1.0000000000000000e+00
45                                     1.0000000000000000e+00
46                                     1.0000000000000000e+00
47                                     1.0000000000000000e+00
48                                     1.0000000000000000e+00
49                                     1.0000000000000000e+00
50                                     1.0000000000000000e+00
51                                     1.0000000000000000e+00
52                                     1.0000000000000000e+00
53                                     1.0000000000000000e+00
54                                     1.0000000000000000e+00
55                                     1.0000000000000000e+00
56                                     1.0000000000000000e+00
57                                     1.0000000000000000e+00
58                                     1.0000000000000000e+00
   &QA [&Type "ArrayOfDoubles", &Dim (59,1)] "Mulliken gross atomic charge"
                                                         0

0                                     -2.6550571119093291e-01
1                                     -3.6948550099786281e-01
2                                      2.9062949236990043e-01
3                                      2.4852822665500085e-01
4                                     -2.8558372394385767e-01
5                                     -3.3890530821829756e-01
6                                      6.5166755786650654e-02
7                                     -3.2745907914251671e-01
8                                     -3.1987442323040405e-01
9                                      3.0009241400287934e-02
10                                    -2.6956947766872563e-01
11                                    -2.8304293593797070e-01
12                                     3.1232454318190239e-01
13                                    -2.9713073418670977e-01
14                                    -4.7822540143720271e-01
15                                     2.0373140442245585e-02
16                                    -2.1425229533681645e-02
17                                    -1.6650760411573984e-03
18                                    -5.3612824898077704e-01
19                                    -4.9265413074149222e-01
20                                     3.0336226922302600e-01
21                                    -5.3273461528891186e-01
22                                     9.0662341325691820e-01
23                                    -1.8247173730191690e-02
24                                     6.8963256075940116e-02
25                                    -4.3481690360498604e-01
26                                    -5.0361240313110223e-01
27                                    -2.4919231654426444e-01
28                                    -3.5859486909208371e-01
29                                     3.3620413986303355e-01
30                                    -2.4496564057841930e-01
31                                    -3.0366786082096819e-01
32                                    -2.1410542373068253e-01
33                                    -3.4826608125354319e-01
34                                     1.6787258042042108e-01
35                                     1.6872181398199382e-01
36                                     1.9852871036510478e-01
37                                     1.8773470973029815e-01
38                                     1.8391949521167006e-01
39                                     1.8194338330115567e-01
40                                     1.7514341531854727e-01
41                                     1.7464054557976871e-01
42                                     1.9072254705349012e-01
43                                     1.9014922118415289e-01
44                                     1.8498253520347452e-01
45                                     1.8430257218510504e-01
46                                     1.8869766379768915e-01
47                                     2.0091101510297615e-01
48                                     2.1029827810201285e-01
49                                     1.9963563921303451e-01
50                                     3.1781025788733452e-01
51                                     3.0320118711067900e-01
52                                     1.9793120507118334e-01
53                                     1.9141176224692802e-01
54                                     1.9423099022580825e-01
55                                     1.9263683367880291e-01
56                                     1.7609321304983261e-01
57                                     1.7575533531107290e-01
58                                     1.7539888043945295e-01
   &VA [&Type "ArrayOfDoubles", &Dim (59,1)] "Mayer's total valence"
                                                         0

0                                      3.6061216833952399e+00
1                                      3.7255479648197678e+00
2                                      3.8807766558184507e+00
3                                      3.1716653430610799e+00
4                                      3.7148613283350729e+00
5                                      3.7274031780070045e+00
6                                      3.6598054547241716e+00
7                                      3.7502989154655295e+00
8                                      3.7379205158144178e+00
9                                      3.6989189521267458e+00
10                                     3.5978707141923763e+00
11                                     3.5884134232258971e+00
12                                     3.1292043351226626e+00
13                                     3.6890384714327125e+00
14                                     3.6890843019826081e+00
15                                     3.0668759805290629e+00
16                                     3.7356105935062898e+00
17                                     3.9279018051928700e+00
18                                     1.9230519458573347e+00
19                                     1.9898578543423291e+00
20                                     3.5569299566201180e+00
21                                     3.1200325198167045e+00
22                                     3.3907193246244773e+00
23                                     3.7126322784111947e+00
24                                     4.1262232784553428e+00
25                                     3.0031899029585052e+00
26                                     1.9427560361879017e+00
27                                     3.7431374586980626e+00
28                                     3.7568237555378738e+00
29                                     3.7448504200287802e+00
30                                     3.6504011749764866e+00
31                                     3.6926369785371569e+00
32                                     1.9902792780319967e+00
33                                     3.7263935764944636e+00
34                                     9.5959596211731246e-01
35                                     9.5596798404923888e-01
36                                     9.4736625004988528e-01
37                                     9.5094982299390662e-01
38                                     9.4363653238781331e-01
39                                     9.4204684310106279e-01
40                                     9.5804700321032554e-01
41                                     9.5420786804290036e-01
42                                     9.5445119425300662e-01
43                                     9.5399965106569851e-01
44                                     9.5956304503576484e-01
45                                     9.6025008495485331e-01
46                                     9.4571842007549434e-01
47                                     9.3040371701957070e-01
48                                     9.3840361605926026e-01
49                                     9.4749307289869356e-01
50                                     9.0013846999151725e-01
51                                     9.1381908850343285e-01
52                                     9.5112794162036274e-01
53                                     9.5771749876630741e-01
54                                     9.5510661340594305e-01
55                                     9.5611090442934099e-01
56                                     9.4748060105384391e-01
57                                     9.5156755650687141e-01
58                                     9.4771957270598750e-01
   &BVA [&Type "ArrayOfDoubles", &Dim (59,1)] "Mayer's bonded valence"
                                                         0

0                                      3.6061216833952754e+00
1                                      3.7255479648197585e+00
2                                      3.8807766558184760e+00
3                                      3.1716653430611466e+00
4                                      3.7148613283350085e+00
5                                      3.7274031780070649e+00
6                                      3.6598054547241516e+00
7                                      3.7502989154656672e+00
8                                      3.7379205158144866e+00
9                                      3.6989189521266477e+00
10                                     3.5978707141922066e+00
11                                     3.5884134232256364e+00
12                                     3.1292043351226742e+00
13                                     3.6890384714327666e+00
14                                     3.6890843019826165e+00
15                                     3.0668759805289603e+00
16                                     3.7356105935063093e+00
17                                     3.9279018051928016e+00
18                                     1.9230519458573250e+00
19                                     1.9898578543423682e+00
20                                     3.5569299566202104e+00
21                                     3.1200325198167169e+00
22                                     3.3907193246244409e+00
23                                     3.7126322784111516e+00
24                                     4.1262232784552726e+00
25                                     3.0031899029584999e+00
26                                     1.9427560361878777e+00
27                                     3.7431374586981576e+00
28                                     3.7568237555377877e+00
29                                     3.7448504200287256e+00
30                                     3.6504011749764875e+00
31                                     3.6926369785372217e+00
32                                     1.9902792780320331e+00
33                                     3.7263935764944556e+00
34                                     9.5959596211732112e-01
35                                     9.5596798404924332e-01
36                                     9.4736625004987329e-01
37                                     9.5094982299390518e-01
38                                     9.4363653238779976e-01
39                                     9.4204684310105091e-01
40                                     9.5804700321032843e-01
41                                     9.5420786804291158e-01
42                                     9.5445119425305447e-01
43                                     9.5399965106573004e-01
44                                     9.5956304503574874e-01
45                                     9.6025008495478847e-01
46                                     9.4571842007549678e-01
47                                     9.3040371701958280e-01
48                                     9.3840361605926459e-01
49                                     9.4749307289870366e-01
50                                     9.0013846999151381e-01
51                                     9.1381908850342608e-01
52                                     9.5112794162038539e-01
53                                     9.5771749876627477e-01
54                                     9.5510661340594516e-01
55                                     9.5611090442936908e-01
56                                     9.4748060105384602e-01
57                                     9.5156755650686864e-01
58                                     9.4771957270598572e-01
   &FA [&Type "ArrayOfDoubles", &Dim (59,1)] "Mayer's free valence"
                                                         0

0                                      0.0000000000000000e+00
1                                      0.0000000000000000e+00
2                                      0.0000000000000000e+00
3                                      0.0000000000000000e+00
4                                      0.0000000000000000e+00
5                                      0.0000000000000000e+00
6                                      0.0000000000000000e+00
7                                      0.0000000000000000e+00
8                                      0.0000000000000000e+00
9                                      0.0000000000000000e+00
10                                     0.0000000000000000e+00
11                                     0.0000000000000000e+00
12                                     0.0000000000000000e+00
13                                     0.0000000000000000e+00
14                                     0.0000000000000000e+00
15                                     0.0000000000000000e+00
16                                     0.0000000000000000e+00
17                                     0.0000000000000000e+00
18                                     0.0000000000000000e+00
19                                     0.0000000000000000e+00
20                                     0.0000000000000000e+00
21                                     0.0000000000000000e+00
22                                     0.0000000000000000e+00
23                                     0.0000000000000000e+00
24                                     0.0000000000000000e+00
25                                     0.0000000000000000e+00
26                                     0.0000000000000000e+00
27                                     0.0000000000000000e+00
28                                     0.0000000000000000e+00
29                                     0.0000000000000000e+00
30                                     0.0000000000000000e+00
31                                     0.0000000000000000e+00
32                                     0.0000000000000000e+00
33                                     0.0000000000000000e+00
34                                     0.0000000000000000e+00
35                                     0.0000000000000000e+00
36                                     0.0000000000000000e+00
37                                     0.0000000000000000e+00
38                                     0.0000000000000000e+00
39                                     0.0000000000000000e+00
40                                     0.0000000000000000e+00
41                                     0.0000000000000000e+00
42                                     0.0000000000000000e+00
43                                     0.0000000000000000e+00
44                                     0.0000000000000000e+00
45                                     0.0000000000000000e+00
46                                     0.0000000000000000e+00
47                                     0.0000000000000000e+00
48                                     0.0000000000000000e+00
49                                     0.0000000000000000e+00
50                                     0.0000000000000000e+00
51                                     0.0000000000000000e+00
52                                     0.0000000000000000e+00
53                                     0.0000000000000000e+00
54                                     0.0000000000000000e+00
55                                     0.0000000000000000e+00
56                                     0.0000000000000000e+00
57                                     0.0000000000000000e+00
58                                     0.0000000000000000e+00
   &Method [&Type "String"] "SCF"
   &Level [&Type "String"] "Relaxed density"
   &Mult [&Type "Integer"] 1
   &State [&Type "Integer"] -1
   &Irrep [&Type "Integer"] 0
$End
$SCF_Energy
   &GeometryIndex 1
   &Method [&Type "String"] "SCF"
   &totalEnergy [&Type "ArrayOfDoubles", &Dim (1,1)] "Total energy of each state"
                                                         0

0                                     -1.5421531407704672e+03
   &Mult [&Type "ArrayOfIntegers", &Dim (1,1)] "Multiplicity of each state"
                                                         0

0                                                        1
$End
$DFT_Energy
   &GeometryIndex 1
   &nAlphaEl [&Type "Integer"] 121
   &nBetaEl [&Type "Integer"] 121
   &nTotalEl [&Type "Integer"] 241
   &finalEn [&Type "Double"]      -1.5421531407704672e+03  "No Van der Waals correction"
   &eExchange [&Type "Double"]      -2.0558998777147394e+02
   &eCorr [&Type "Double"]      -7.9879720174696729e+00
   &eXC [&Type "Double"]      -2.1357795978894362e+02
   &eCNL [&Type "Double"]       0.0000000000000000e+00
$End
$Solvation_Details
   &GeometryIndex 1
   &Solvent [&Type "String"] "WATER"
   &Epsilon [&Type "Double"]       7.8355000000000004e+01
   &Refrac [&Type "Double"]       1.3328000000000000e+00
   &RSolv [&Type "Double"]       1.3000000000000000e+00
   &SurfaceType [&Type "String"] "GAUSSIAN VDW"
   &CPCMDielEnergy [&Type "Double"]      -7.0997979000000003e-02
   &NPoints [&Type "Integer"] 4280
   &SurfaceArea [&Type "Double"]       1.6545678283880000e+03
$End
$SCF_Timings
   &GeometryIndex 1
   &TOTAL [&Type "Double"]       1.9674299999999999e+02
   &PREP [&Type "Double"]       1.6680000000000001e+00
   &FOCK [&Type "Double"]       1.7945200000000000e+02
   &DENS [&Type "Double"]       6.7000000000004434e-01
   &ETOT [&Type "Double"]       2.9799999999998406e-01
   &POP [&Type "Double"]       3.8300000000000978e-01
   &TRAFO [&Type "Double"]       5.7399999999999096e-01
   &DIIS [&Type "Double"]       2.5180000000000042e+00
   &SOSCF [&Type "Double"]       4.0599999999999596e+00
   &XC [&Type "Double"]       9.2694000000000017e+01
   &FOCKSTART [&Type "Double"]       1.0400000000000587e-01
   &SOLV [&Type "Double"]       5.8739999999999988e+01
   &SOLV_INIT [&Type "Double"]       1.3009999999999999e+00
   &INT_BF [&Type "Double"]       1.4395999999999106e+01
   &INT_DENS [&Type "Double"]       3.3629000000000872e+01
   &INT_DENSIO [&Type "Double"]       1.8534728970000001e+06
   &INT_FUNC [&Type "Double"]       3.1680000000001964e+00
   &INT_POT [&Type "Double"]       3.6659999999999584e+01
   &INT_POTIO [&Type "Double"]       4.0199999999998681e-01
   &INT_SUM [&Type "Double"]       1.0000000000047748e-03
   &SPLITRIJ [&Type "Double"]       3.6125000000000014e+01
$End
$VdW_Correction
   &GeometryIndex 1
   &vdW [&Type "Double"]      -2.9183909276700695e-02
$End
$gCP_Energy
   &GeometryIndex 1
   &gCP_Energy [&Type "Double"]       3.8228256799999999e-02
$End
$Single_Point_Data
   &GeometryIndex 1
   &FinalEnergy [&Type "Double"]      -1.5421440964229439e+03  "Final single point energy"
   &Converged [&Type "Boolean"] true
$End
$Calculation_Info
   &GeometryIndex 1
   &Mult [&Type "Integer"] 1
   &Charge [&Type "Integer"] 0
   &NumOfAtoms [&Type "Integer"] 59
   &NumOfElectrons [&Type "Integer"] 242
   &NumOfBasisFuncts [&Type "Integer"] 816
   &NumOfAuxCBasisFuncts [&Type "Integer"] 0
   &NumOfAuxJBasisFuncts [&Type "Integer"] 1295
   &NumOfAuxJKBasisFuncts [&Type "Integer"] 0
   &NumOfCABSBasisFuncts [&Type "Integer"] 0
$End
$SCF_Dipole_Moment
   &GeometryIndex 1
   &dipoleMagnitude [&Type "Double", &Units "a.u."]       3.4480002521909050e+00
   &dipoleElecContrib [&Type "ArrayOfDoubles", &Dim (3,1)] "Electronic contribution"
                                                         0

0                                      2.1683561921819912e+01
1                                     -1.6385419679446372e+01
2                                      1.8051448978518141e+00
   &dipoleNucContrib [&Type "ArrayOfDoubles", &Dim (3,1)] "Nuclear contribution"
                                                         0

0                                     -2.1063710659827706e+01
1                                      1.8887130125068463e+01
2                                     -4.0955455174772393e+00
   &dipoleTotal [&Type "ArrayOfDoubles", &Dim (3,1)] "Total"
                                                         0

0                                      6.1985126199220630e-01
1                                      2.5017104456220913e+00
2                                     -2.2904006196254252e+00
   &doAtomicDipole [&Type "Boolean"] false
   &Method [&Type "String"] "SCF"
   &Level [&Type "String"] "Relaxed density"
   &Mult [&Type "Integer"] 1
   &State [&Type "Integer"] -1
   &Irrep [&Type "Integer"] 0
$End
$Calculation_Timings
   &GeometryIndex 1
   &GTOINT [&Type "Double"]       5.1159999999999997e+00
   &SCF [&Type "Double"]       2.3084700000000001e+02
   &PROP [&Type "Double"]       7.2499999999999432e-01
   &SUM [&Type "Double"]       2.3668800000000002e+02
$End
