*************************************************
******************* ORCA 6.1.1 ******************
*************************************************
$Calculation_Status
   &GeometryIndex 1
   &version [&Type "String"] "6.1.1"
   &progName [&Type "String"] "LeanSCF"
   &Status [&Type "String"] "NORMAL TERMINATION"
$End
$Geometry
   &GeometryIndex 1
   &NAtoms [&Type "Integer"] 59
   &NCorelessECP [&Type "Integer"] 0
   &NGhostAtoms [&Type "Integer"] 0
   &CartesianCoordinates [&Type "Coordinates", &Dim(59,4), &Units "Bohr"] 
              C     45.229048191795  -33.063861140219   -0.309390001368
              C     45.588372193315  -35.348438149845    1.410134005955
              C     48.081062203979  -36.712048155684    1.122401004775
              N     50.018158212125  -35.495429150553   -0.034779000137
              C     49.827204211244  -32.980522139770   -1.251810005250
              C     47.615851201995  -31.461690133415   -0.243917001102
              C     52.392544222128  -36.764787155895   -0.326071001346
              C     53.913677228566  -37.221265157803    1.776193007480
              C     56.232488238477  -38.408467162814    1.487632006354
              C     57.063416241995  -39.114075165848   -0.917452003951
              C     55.546205235536  -38.644574163910   -3.020436012796
              C     53.207229225636  -37.483348158969   -2.720159011618
              N     59.428618251963  -40.368878171127   -1.208917005052
              C     59.574254252703  -42.482184180078   -3.052617012908
              C     61.453019260542  -44.512826188739   -2.241457009478
              C     63.868539270761  -43.253826183353   -1.539689006481
              C     63.851644270825  -40.789711173016   -0.669396002783
              C     61.583536261118  -39.245598166477   -0.296217001302
              O     48.335336204993  -38.885269164946    1.986406008446
              O     61.605469261288  -37.170691157675    0.778770003387
              C     66.428925281626  -43.953559186385   -1.502972006400
              N     67.882110287780  -42.030714178247   -0.682402002838
              N     66.304354281087  -40.134240170185   -0.165900000648
              C     67.301938285311  -37.796694160269    0.766304003157
              C     67.546748286513  -46.409143196842   -2.216806009406
              N     70.082154297120  -46.536134197297   -2.216710009428
              O     66.167738280500  -48.225345204460   -2.774574011826
              C     66.943218283916  -37.134787157461    3.289498013892
              C     67.955716288169  -34.898940147910    4.185904017703
              C     69.340183294134  -33.324776141346    2.566374010821
              C     69.711799295571  -34.008108144177    0.042757000198
              C     68.680463291223  -36.259745153692   -0.847118003514
              O     70.252039297816  -31.170043132222    3.632850015358
              C     71.706908304123  -29.498452125040    2.064903008787
              H     44.864842190332  -33.690687142922   -2.254266009551
              H     43.578474184826  -31.976369135511    0.305466001303
              H     45.495830192957  -34.764668147368    3.402550014360
              H     44.103175186958  -36.765293155956    1.145941004806
              H     51.617731218905  -31.998526135692   -0.906910003818
              H     49.638582210458  -33.240991140963   -3.304181013988
              H     48.003790203487  -30.852872130774    1.702082007261
              H     47.420895201091  -29.758877126228   -1.405457005961
              H     53.265664225887  -36.667222155569    3.643449015489
              H     57.395477243384  -38.803183164606    3.129964013229
              H     56.176725238225  -39.176746166186   -4.898888020760
              H     52.021225220633  -37.137369157552   -4.359521018509
              H     57.681687244541  -43.290129183555   -3.208956013535
              H     60.121006254985  -41.731398176886   -4.910075020894
              H     60.718422257492  -45.591016193242   -0.625923002739
              H     61.704007261569  -45.839548194313   -3.805161016229
              H     71.147511301650  -45.026688190985   -1.743200007354
              H     70.937982300853  -48.183066204252   -2.659108011323
              H     65.874648279330  -38.366926162644    4.535050019273
              H     67.701245287173  -34.343337145573    6.145276026054
              H     70.777717300074  -32.822749139175   -1.242591005218
              H     68.945137292301  -36.807205156043   -2.807996011910
              H     70.575376299327  -28.795657122030    0.477769002018
              H     72.240877306318  -27.921871118311    3.282403013879
              H     73.413620311243  -30.439262129121    1.360803005695
$End
$SCF_Mulliken_Population_Analysis
   &GeometryIndex 1
   &NAtoms [&Type "Integer"] 59
   &ATNO [&Type "ArrayOfIntegers", &Dim (59,1)] 
                                                         0

0                                                        6
1                                                        6
2                                                        6
3                                                        7
4                                                        6
5                                                        6
6                                                        6
7                                                        6
8                                                        6
9                                                        6
10                                                       6
11                                                       6
12                                                       7
13                                                       6
14                                                       6
15                                                       6
16                                                       6
17                                                       6
18                                                       8
19                                                       8
20                                                       6
21                                                       7
22                                                       7
23                                                       6
24                                                       6
25                                                       7
26                                                       8
27                                                       6
28                                                       6
29                                                       6
30                                                       6
31                                                       6
32                                                       8
33                                                       6
34                                                       1
35                                                       1
36                                                       1
37                                                       1
38                                                       1
39                                                       1
40                                                       1
41                                                       1
42                                                       1
43                                                       1
44                                                       1
45                                                       1
46                                                       1
47                                                       1
48                                                       1
49                                                       1
50                                                       1
51                                                       1
52                                                       1
53                                                       1
54                                                       1
55                                                       1
56                                                       1
57                                                       1
58                                                       1
   &AtomicCharges [&Type "ArrayOfDoubles", &Dim (59,1)] 
                                                         0

0                                     -2.6412905136393494e-01
1                                     -3.3990447929330969e-01
2                                      2.2249476352458686e-01
3                                      2.6022189290183206e-01
4                                     -2.5094693238200794e-01
5                                     -2.9432218112382724e-01
6                                     -4.2337101691876988e-02
7                                     -2.2535355130881740e-01
8                                     -2.3684824350101952e-01
9                                      4.0081769266560485e-02
10                                    -2.3626973250583649e-01
11                                    -2.5344440186553197e-01
12                                     3.1033052140257400e-01
13                                    -2.9138988790671672e-01
14                                    -4.5827345636530659e-01
15                                    -6.2294344137319158e-03
16                                    -3.3333653074524072e-02
17                                    -3.5614482419798144e-02
18                                    -4.3854827748405789e-01
19                                    -4.1598136798880425e-01
20                                     3.1545340950678824e-01
21                                    -4.5361695807002711e-01
22                                     8.5540637744130166e-01
23                                    -5.7960023011702333e-02
24                                     1.9935610783403668e-02
25                                    -3.6653281330322152e-01
26                                    -4.1415899621017616e-01
27                                    -1.7651875419053020e-01
28                                    -3.0914354154604595e-01
29                                     3.5232841319026775e-01
30                                    -2.4458307564079096e-01
31                                    -2.5319913601154731e-01
32                                    -1.8392509263217072e-01
33                                    -3.3583034495327446e-01
34                                     1.5337797937743147e-01
35                                     1.5577406096933233e-01
36                                     1.7424218058109253e-01
37                                     1.8003333773959984e-01
38                                     1.6084761527645597e-01
39                                     1.4891585907754301e-01
40                                     1.6180039273245372e-01
41                                     1.5634564979056020e-01
42                                     1.5646050172784542e-01
43                                     1.5965603970400666e-01
44                                     1.4430817270507612e-01
45                                     1.4640094492118760e-01
46                                     1.6917351537212455e-01
47                                     1.7148856946224122e-01
48                                     1.8574816917876158e-01
49                                     1.9592414297897753e-01
50                                     2.7360674783008643e-01
51                                     2.5012466771008712e-01
52                                     1.5724831555298469e-01
53                                     1.6038408831177176e-01
54                                     1.5040409444330527e-01
55                                     1.5714340008150751e-01
56                                     1.5787081375273004e-01
57                                     1.5822787868577293e-01
58                                     1.5663507427832113e-01
   &Method [&Type "String"] "SCF"
   &Level [&Type "String"] "Relaxed density"
   &Mult [&Type "Integer"] 1
   &State [&Type "Integer"] -1
   &Irrep [&Type "Integer"] 0
$End
$SCF_Loewdin_Population_Analysis
   &GeometryIndex 1
   &NAtoms [&Type "Integer"] 59
   &ATNO [&Type "ArrayOfIntegers", &Dim (59,1)] 
                                                         0

0                                                        6
1                                                        6
2                                                        6
3                                                        7
4                                                        6
5                                                        6
6                                                        6
7                                                        6
8                                                        6
9                                                        6
10                                                       6
11                                                       6
12                                                       7
13                                                       6
14                                                       6
15                                                       6
16                                                       6
17                                                       6
18                                                       8
19                                                       8
20                                                       6
21                                                       7
22                                                       7
23                                                       6
24                                                       6
25                                                       7
26                                                       8
27                                                       6
28                                                       6
29                                                       6
30                                                       6
31                                                       6
32                                                       8
33                                                       6
34                                                       1
35                                                       1
36                                                       1
37                                                       1
38                                                       1
39                                                       1
40                                                       1
41                                                       1
42                                                       1
43                                                       1
44                                                       1
45                                                       1
46                                                       1
47                                                       1
48                                                       1
49                                                       1
50                                                       1
51                                                       1
52                                                       1
53                                                       1
54                                                       1
55                                                       1
56                                                       1
57                                                       1
58                                                       1
   &AtomicCharges [&Type "ArrayOfDoubles", &Dim (59,1)] 
                                                         0

0                                     -2.9109610132348340e-01
1                                     -2.3247384804930959e-01
2                                      3.5624231314537891e-01
3                                     -7.6418640085005052e-01
4                                     -8.1705134994987105e-03
5                                     -2.7039257400627559e-01
6                                      1.4486488626817806e-01
7                                     -8.9793091450257378e-02
8                                     -8.8567135078884363e-02
9                                      1.5268040186078125e-01
10                                    -1.2644438690676196e-01
11                                    -1.1386226347463246e-01
12                                    -7.4292173401978800e-01
13                                    -4.2147856647662962e-03
14                                    -2.2322778032855251e-01
15                                     2.6325952880836390e-02
16                                     2.5307703064336451e-01
17                                     3.9817583656285471e-01
18                                    -4.7574007822185038e-01
19                                    -4.3916429489804365e-01
20                                     2.1731223001071953e-01
21                                    -3.2383474239520282e-01
22                                    -5.7349785338209802e-01
23                                     1.6171438117358683e-01
24                                     3.4761325657735220e-01
25                                    -4.6878107437998562e-01
26                                    -4.7350821000617316e-01
27                                    -7.7930600516861404e-02
28                                    -1.2000358939637490e-01
29                                     1.9925638433408377e-01
30                                    -1.6844336957128370e-01
31                                    -8.9596030055520970e-02
32                                    -6.7265225700503173e-01
33                                    -5.6632994422496807e-02
34                                     1.6006807293414782e-01
35                                     1.5990457545849734e-01
36                                     1.8306334770033816e-01
37                                     1.8524842253688367e-01
38                                     1.8870506712898361e-01
39                                     1.7276028551106570e-01
40                                     1.6360570427237420e-01
41                                     1.6449393227542497e-01
42                                     1.8526484207872063e-01
43                                     1.8798182711549782e-01
44                                     1.7809508788881911e-01
45                                     1.7756368826430802e-01
46                                     1.9595289367888524e-01
47                                     1.7705507461170911e-01
48                                     1.8129393274121253e-01
49                                     1.8924136514593926e-01
50                                     2.7347534162835863e-01
51                                     2.6609587037811444e-01
52                                     1.8632717022474155e-01
53                                     1.8594438942261471e-01
54                                     1.7872083781706760e-01
55                                     1.8303753835095871e-01
56                                     1.6688691702641134e-01
57                                     1.8063904733059311e-01
58                                     1.6644780392438985e-01
   &Method [&Type "String"] "SCF"
   &Level [&Type "String"] "Relaxed density"
   &Mult [&Type "Integer"] 1
   &State [&Type "Integer"] -1
   &Irrep [&Type "Integer"] 0
$End
$SCF_Mayer_Population_Analysis
   &GeometryIndex 1
   &NAtoms [&Type "Integer"] 59 "Total number of atoms"
   &NBondOrdersPrint [&Type "Integer"] 68 "The number of bond orders larger than threshold"
   &bondThresh [&Type "Double"]       1.0000000000000001e-01  "The threshold for printing"
   &components [&Type "ArrayOfIntegers", &Dim (68,4)] "The indices and atomic numbers of the bonding atoms"
                                                         0                           1                           2                           3

0                                                        0                           6                           1                           6
1                                                        0                           6                           5                           6
2                                                        0                           6                          34                           1
3                                                        0                           6                          35                           1
4                                                        1                           6                           2                           6
5                                                        1                           6                          36                           1
6                                                        1                           6                          37                           1
7                                                        2                           6                           3                           7
8                                                        2                           6                          18                           8
9                                                        3                           7                           4                           6
10                                                       3                           7                           6                           6
11                                                       4                           6                           5                           6
12                                                       4                           6                          38                           1
13                                                       4                           6                          39                           1
14                                                       5                           6                          40                           1
15                                                       5                           6                          41                           1
16                                                       6                           6                           7                           6
17                                                       6                           6                           9                           6
18                                                       6                           6                          11                           6
19                                                       7                           6                           8                           6
20                                                       7                           6                          42                           1
21                                                       8                           6                           9                           6
22                                                       8                           6                          43                           1
23                                                       9                           6                          10                           6
24                                                       9                           6                          12                           7
25                                                      10                           6                          11                           6
26                                                      10                           6                          44                           1
27                                                      11                           6                          45                           1
28                                                      12                           7                          13                           6
29                                                      12                           7                          17                           6
30                                                      13                           6                          14                           6
31                                                      13                           6                          46                           1
32                                                      13                           6                          47                           1
33                                                      14                           6                          15                           6
34                                                      14                           6                          48                           1
35                                                      14                           6                          49                           1
36                                                      15                           6                          16                           6
37                                                      15                           6                          20                           6
38                                                      15                           6                          21                           7
39                                                      16                           6                          17                           6
40                                                      16                           6                          21                           7
41                                                      16                           6                          22                           7
42                                                      17                           6                          19                           8
43                                                      20                           6                          21                           7
44                                                      20                           6                          24                           6
45                                                      21                           7                          22                           7
46                                                      21                           7                          23                           6
47                                                      22                           7                          23                           6
48                                                      23                           6                          27                           6
49                                                      23                           6                          29                           6
50                                                      23                           6                          31                           6
51                                                      24                           6                          25                           7
52                                                      24                           6                          26                           8
53                                                      25                           7                          50                           1
54                                                      25                           7                          51                           1
55                                                      27                           6                          28                           6
56                                                      27                           6                          52                           1
57                                                      28                           6                          29                           6
58                                                      28                           6                          53                           1
59                                                      29                           6                          30                           6
60                                                      29                           6                          32                           8
61                                                      30                           6                          31                           6
62                                                      30                           6                          54                           1
63                                                      31                           6                          55                           1
64                                                      32                           8                          33                           6
65                                                      33                           6                          56                           1
66                                                      33                           6                          57                           1
67                                                      33                           6                          58                           1
   &BondOrders [&Type "ArrayOfDoubles", &Dim (68,1)] "The bond orders"
                                                         0

0                                      8.9202552036469340e-01
1                                      8.7885200005060926e-01
2                                      9.8137220449368090e-01
3                                      9.6069502145235686e-01
4                                      9.1606759863887921e-01
5                                      9.5177522199161302e-01
6                                      9.5219331597039703e-01
7                                      1.1876785595463022e+00
8                                      1.7946802003385027e+00
9                                      8.9897452357608776e-01
10                                     1.0064293461374891e+00
11                                     9.4104959913493136e-01
12                                     9.4057896140806196e-01
13                                     9.4308174341192408e-01
14                                     9.8832735879699096e-01
15                                     9.5467183926526400e-01
16                                     1.4368759691840478e+00
17                                     1.3811871108555418e-01
18                                     1.3824284331859444e+00
19                                     1.3528066084227888e+00
20                                     9.2660972697096833e-01
21                                     1.4412658002211474e+00
22                                     9.2643796049301652e-01
23                                     1.3709676016032730e+00
24                                     9.7609253994633349e-01
25                                     1.2900629646221651e+00
26                                     9.4595322530715253e-01
27                                     9.4358408613848332e-01
28                                     7.9996606439059326e-01
29                                     1.1614877001114929e+00
30                                     9.2452936934937102e-01
31                                     9.4306536449081468e-01
32                                     9.4287088602114333e-01
33                                     8.4167480654372917e-01
34                                     9.8297728098336423e-01
35                                     9.9437950305236078e-01
36                                     1.1842646162772033e+00
37                                     1.1825378434553995e+00
38                                    -2.0638361430915597e-01
39                                     9.5234364452303821e-01
40                                     3.1209840251743703e-01
41                                     1.2438294818796443e+00
42                                     1.8780027903942993e+00
43                                     1.4862796684001933e+00
44                                     9.6896153059226953e-01
45                                     1.2021284840937503e+00
46                                     1.3716967306558056e-01
47                                     9.4850377169881261e-01
48                                     1.4089018402846492e+00
49                                     1.0160801127565877e-01
50                                     1.4495487933086273e+00
51                                     1.0925647271780745e+00
52                                     1.9494428981017564e+00
53                                     8.9919686141371202e-01
54                                     9.1843969441158035e-01
55                                     1.3684851417401025e+00
56                                     9.1680739735436878e-01
57                                     1.4024675065601044e+00
58                                     9.3983393233029322e-01
59                                     1.3616382845127384e+00
60                                     1.0740815607012897e+00
61                                     1.3253407566317952e+00
62                                     9.1619516612304619e-01
63                                     9.4247744815380907e-01
64                                     8.5029759098661817e-01
65                                     9.6150610302427131e-01
66                                     9.6689168630036093e-01
67                                     9.6064432098465191e-01
   &ATNO [&Type "ArrayOfIntegers", &Dim (59,1)] "Atomic number of the elements"
                                                         0

0                                                        6
1                                                        6
2                                                        6
3                                                        7
4                                                        6
5                                                        6
6                                                        6
7                                                        6
8                                                        6
9                                                        6
10                                                       6
11                                                       6
12                                                       7
13                                                       6
14                                                       6
15                                                       6
16                                                       6
17                                                       6
18                                                       8
19                                                       8
20                                                       6
21                                                       7
22                                                       7
23                                                       6
24                                                       6
25                                                       7
26                                                       8
27                                                       6
28                                                       6
29                                                       6
30                                                       6
31                                                       6
32                                                       8
33                                                       6
34                                                       1
35                                                       1
36                                                       1
37                                                       1
38                                                       1
39                                                       1
40                                                       1
41                                                       1
42                                                       1
43                                                       1
44                                                       1
45                                                       1
46                                                       1
47                                                       1
48                                                       1
49                                                       1
50                                                       1
51                                                       1
52                                                       1
53                                                       1
54                                                       1
55                                                       1
56                                                       1
57                                                       1
58                                                       1
   &NA [&Type "ArrayOfDoubles", &Dim (59,1)] "Mulliken gross atomic population"
                                                         0

0                                      6.2641290513639323e+00
1                                      6.3399044792933026e+00
2                                      5.7775052364754096e+00
3                                      6.7397781070981697e+00
4                                      6.2509469323820115e+00
5                                      6.2943221811238264e+00
6                                      6.0423371016918690e+00
7                                      6.2253535513088094e+00
8                                      6.2368482435010204e+00
9                                      5.9599182307334351e+00
10                                     6.2362697325058365e+00
11                                     6.2534444018655231e+00
12                                     6.6896694785974136e+00
13                                     6.2913898879067247e+00
14                                     6.4582734563653066e+00
15                                     6.0062294344137328e+00
16                                     6.0333336530745196e+00
17                                     6.0356144824197955e+00
18                                     8.4385482774840526e+00
19                                     8.4159813679888096e+00
20                                     5.6845465904932144e+00
21                                     7.4536169580700360e+00
22                                     6.1445936225586921e+00
23                                     6.0579600230116988e+00
24                                     5.9800643892165892e+00
25                                     7.3665328133032215e+00
26                                     8.4141589962101833e+00
27                                     6.1765187541905302e+00
28                                     6.3091435415460548e+00
29                                     5.6476715868097331e+00
30                                     6.2445830756407936e+00
31                                     6.2531991360115455e+00
32                                     8.1839250926321725e+00
33                                     6.3358303449532691e+00
34                                     8.4662202062256831e-01
35                                     8.4422593903066745e-01
36                                     8.2575781941890669e-01
37                                     8.1996666226040005e-01
38                                     8.3915238472354403e-01
39                                     8.5108414092245643e-01
40                                     8.3819960726754628e-01
41                                     8.4365435020944024e-01
42                                     8.4353949827215424e-01
43                                     8.4034396029599301e-01
44                                     8.5569182729492355e-01
45                                     8.5359905507881295e-01
46                                     8.3082648462787567e-01
47                                     8.2851143053775866e-01
48                                     8.1425183082123864e-01
49                                     8.0407585702102247e-01
50                                     7.2639325216991357e-01
51                                     7.4987533228991288e-01
52                                     8.4275168444701531e-01
53                                     8.3961591168822891e-01
54                                     8.4959590555669462e-01
55                                     8.4285659991849260e-01
56                                     8.4212918624726962e-01
57                                     8.4177212131422718e-01
58                                     8.4336492572167909e-01
   &ZA [&Type "ArrayOfDoubles", &Dim (59,1)] "Total nuclear charge"
                                                         0

0                                      6.0000000000000000e+00
1                                      6.0000000000000000e+00
2                                      6.0000000000000000e+00
3                                      7.0000000000000000e+00
4                                      6.0000000000000000e+00
5                                      6.0000000000000000e+00
6                                      6.0000000000000000e+00
7                                      6.0000000000000000e+00
8                                      6.0000000000000000e+00
9                                      6.0000000000000000e+00
10                                     6.0000000000000000e+00
11                                     6.0000000000000000e+00
12                                     7.0000000000000000e+00
13                                     6.0000000000000000e+00
14                                     6.0000000000000000e+00
15                                     6.0000000000000000e+00
16                                     6.0000000000000000e+00
17                                     6.0000000000000000e+00
18                                     8.0000000000000000e+00
19                                     8.0000000000000000e+00
20                                     6.0000000000000000e+00
21                                     7.0000000000000000e+00
22                                     7.0000000000000000e+00
23                                     6.0000000000000000e+00
24                                     6.0000000000000000e+00
25                                     7.0000000000000000e+00
26                                     8.0000000000000000e+00
27                                     6.0000000000000000e+00
28                                     6.0000000000000000e+00
29                                     6.0000000000000000e+00
30                                     6.0000000000000000e+00
31                                     6.0000000000000000e+00
32                                     8.0000000000000000e+00
33                                     6.0000000000000000e+00
34                                     1.0000000000000000e+00
35                                     1.0000000000000000e+00
36                                     1.0000000000000000e+00
37                                     1.0000000000000000e+00
38                                     1.0000000000000000e+00
39                                     1.0000000000000000e+00
40                                     1.0000000000000000e+00
41                                     1.0000000000000000e+00
42                                     1.0000000000000000e+00
43                                     1.0000000000000000e+00
44                                     1.0000000000000000e+00
45                                     1.0000000000000000e+00
46                                     1.0000000000000000e+00
47                                     1.0000000000000000e+00
48                                     1.0000000000000000e+00
49                                     1.0000000000000000e+00
50                                     1.0000000000000000e+00
51                                     1.0000000000000000e+00
52                                     1.0000000000000000e+00
53                                     1.0000000000000000e+00
54                                     1.0000000000000000e+00
55                                     1.0000000000000000e+00
56                                     1.0000000000000000e+00
57                                     1.0000000000000000e+00
58                                     1.0000000000000000e+00
   &QA [&Type "ArrayOfDoubles", &Dim (59,1)] "Mulliken gross atomic charge"
                                                         0

0                                     -2.6412905136393228e-01
1                                     -3.3990447929330259e-01
2                                      2.2249476352459041e-01
3                                      2.6022189290183029e-01
4                                     -2.5094693238201149e-01
5                                     -2.9432218112382635e-01
6                                     -4.2337101691868995e-02
7                                     -2.2535355130880941e-01
8                                     -2.3684824350102041e-01
9                                      4.0081769266564926e-02
10                                    -2.3626973250583649e-01
11                                    -2.5344440186552308e-01
12                                     3.1033052140258643e-01
13                                    -2.9138988790672471e-01
14                                    -4.5827345636530659e-01
15                                    -6.2294344137328039e-03
16                                    -3.3333653074519631e-02
17                                    -3.5614482419795479e-02
18                                    -4.3854827748405256e-01
19                                    -4.1598136798880958e-01
20                                     3.1545340950678558e-01
21                                    -4.5361695807003599e-01
22                                     8.5540637744130787e-01
23                                    -5.7960023011698780e-02
24                                     1.9935610783410773e-02
25                                    -3.6653281330322152e-01
26                                    -4.1415899621018326e-01
27                                    -1.7651875419053020e-01
28                                    -3.0914354154605483e-01
29                                     3.5232841319026686e-01
30                                    -2.4458307564079362e-01
31                                    -2.5319913601154553e-01
32                                    -1.8392509263217249e-01
33                                    -3.3583034495326913e-01
34                                     1.5337797937743169e-01
35                                     1.5577406096933255e-01
36                                     1.7424218058109331e-01
37                                     1.8003333773959995e-01
38                                     1.6084761527645597e-01
39                                     1.4891585907754357e-01
40                                     1.6180039273245372e-01
41                                     1.5634564979055976e-01
42                                     1.5646050172784576e-01
43                                     1.5965603970400699e-01
44                                     1.4430817270507645e-01
45                                     1.4640094492118705e-01
46                                     1.6917351537212433e-01
47                                     1.7148856946224134e-01
48                                     1.8574816917876136e-01
49                                     1.9592414297897753e-01
50                                     2.7360674783008643e-01
51                                     2.5012466771008712e-01
52                                     1.5724831555298469e-01
53                                     1.6038408831177109e-01
54                                     1.5040409444330538e-01
55                                     1.5714340008150740e-01
56                                     1.5787081375273038e-01
57                                     1.5822787868577282e-01
58                                     1.5663507427832091e-01
   &VA [&Type "ArrayOfDoubles", &Dim (59,1)] "Mayer's total valence"
                                                         0

0                                      3.6091837766518680e+00
1                                      3.7023621433243288e+00
2                                      3.9473515615842194e+00
3                                      3.1727217236354512e+00
4                                      3.7638942475535520e+00
5                                      3.7048338440680983e+00
6                                      3.9827923336520024e+00
7                                      3.7840392881751592e+00
8                                      3.8061882575404851e+00
9                                      3.8955832939375212e+00
10                                     3.6644269774899692e+00
11                                     3.6566188067550622e+00
12                                     3.0920295218658973e+00
13                                     3.7128847365303272e+00
14                                     3.7239201109025606e+00
15                                     3.0661053335416604e+00
16                                     3.7010156883119065e+00
17                                     3.9425868266743667e+00
18                                     1.9795522362188516e+00
19                                     2.0381164028997887e+00
20                                     3.5947899497325215e+00
21                                     3.1637102061605340e+00
22                                     3.4530311505044669e+00
23                                     4.0560087445616650e+00
24                                     4.1611149229815894e+00
25                                     2.9952644150693857e+00
26                                     2.0149119152239141e+00
27                                     3.7649448594711421e+00
28                                     3.8165129479474960e+00
29                                     3.8604736164264026e+00
30                                     3.6941931231955394e+00
31                                     3.7554069885615577e+00
32                                     2.0058598968567463e+00
33                                     3.7592062502020571e+00
34                                     9.6393034224618657e-01
35                                     9.5978966223441908e-01
36                                     9.5641751091540994e-01
37                                     9.5580124173918690e-01
38                                     9.5198661003242191e-01
39                                     9.5387717112174486e-01
40                                     9.6237941531053228e-01
41                                     9.5961692769529772e-01
42                                     9.6907466643071782e-01
43                                     9.6575479110933660e-01
44                                     9.7242377142754577e-01
45                                     9.7237778887878112e-01
46                                     9.5094289865395165e-01
47                                     9.3704785646233180e-01
48                                     9.4757783209837287e-01
49                                     9.4982683949432434e-01
50                                     9.2686398887441579e-01
51                                     9.4080984033596304e-01
52                                     9.6813722340196140e-01
53                                     9.6826936405258535e-01
54                                     9.6992469684515981e-01
55                                     9.6909933933285619e-01
56                                     9.5216031491225661e-01
57                                     9.5770350742498878e-01
58                                     9.5236330117561607e-01
   &BVA [&Type "ArrayOfDoubles", &Dim (59,1)] "Mayer's bonded valence"
                                                         0

0                                      3.6091837766518946e+00
1                                      3.7023621433243403e+00
2                                      3.9473515615842181e+00
3                                      3.1727217236354264e+00
4                                      3.7638942475535444e+00
5                                      3.7048338440680451e+00
6                                      3.9827923336520197e+00
7                                      3.7840392881753213e+00
8                                      3.8061882575406893e+00
9                                      3.8955832939375714e+00
10                                     3.6644269774898883e+00
11                                     3.6566188067550609e+00
12                                     3.0920295218659053e+00
13                                     3.7128847365302935e+00
14                                     3.7239201109026414e+00
15                                     3.0661053335416213e+00
16                                     3.7010156883117116e+00
17                                     3.9425868266741855e+00
18                                     1.9795522362188702e+00
19                                     2.0381164028997949e+00
20                                     3.5947899497323434e+00
21                                     3.1637102061602871e+00
22                                     3.4530311505045104e+00
23                                     4.0560087445617654e+00
24                                     4.1611149229815299e+00
25                                     2.9952644150693954e+00
26                                     2.0149119152239843e+00
27                                     3.7649448594712416e+00
28                                     3.8165129479476905e+00
29                                     3.8604736164264413e+00
30                                     3.6941931231955167e+00
31                                     3.7554069885615617e+00
32                                     2.0058598968566592e+00
33                                     3.7592062502020878e+00
34                                     9.6393034224618890e-01
35                                     9.5978966223442053e-01
36                                     9.5641751091541494e-01
37                                     9.5580124173919079e-01
38                                     9.5198661003243756e-01
39                                     9.5387717112174386e-01
40                                     9.6237941531052007e-01
41                                     9.5961692769529194e-01
42                                     9.6907466643075202e-01
43                                     9.6575479110938389e-01
44                                     9.7242377142752101e-01
45                                     9.7237778887879533e-01
46                                     9.5094289865394843e-01
47                                     9.3704785646231947e-01
48                                     9.4757783209838442e-01
49                                     9.4982683949433544e-01
50                                     9.2686398887441623e-01
51                                     9.4080984033596182e-01
52                                     9.6813722340198016e-01
53                                     9.6826936405263531e-01
54                                     9.6992469684516169e-01
55                                     9.6909933933286718e-01
56                                     9.5216031491226238e-01
57                                     9.5770350742498589e-01
58                                     9.5236330117561740e-01
   &FA [&Type "ArrayOfDoubles", &Dim (59,1)] "Mayer's free valence"
                                                         0

0                                      0.0000000000000000e+00
1                                      0.0000000000000000e+00
2                                      0.0000000000000000e+00
3                                      0.0000000000000000e+00
4                                      0.0000000000000000e+00
5                                      0.0000000000000000e+00
6                                      0.0000000000000000e+00
7                                      0.0000000000000000e+00
8                                      0.0000000000000000e+00
9                                      0.0000000000000000e+00
10                                     0.0000000000000000e+00
11                                     0.0000000000000000e+00
12                                     0.0000000000000000e+00
13                                     0.0000000000000000e+00
14                                     0.0000000000000000e+00
15                                     0.0000000000000000e+00
16                                     0.0000000000000000e+00
17                                     0.0000000000000000e+00
18                                     0.0000000000000000e+00
19                                     0.0000000000000000e+00
20                                     0.0000000000000000e+00
21                                     0.0000000000000000e+00
22                                     0.0000000000000000e+00
23                                     0.0000000000000000e+00
24                                     0.0000000000000000e+00
25                                     0.0000000000000000e+00
26                                     0.0000000000000000e+00
27                                     0.0000000000000000e+00
28                                     0.0000000000000000e+00
29                                     0.0000000000000000e+00
30                                     0.0000000000000000e+00
31                                     0.0000000000000000e+00
32                                     0.0000000000000000e+00
33                                     0.0000000000000000e+00
34                                     0.0000000000000000e+00
35                                     0.0000000000000000e+00
36                                     0.0000000000000000e+00
37                                     0.0000000000000000e+00
38                                     0.0000000000000000e+00
39                                     0.0000000000000000e+00
40                                     0.0000000000000000e+00
41                                     0.0000000000000000e+00
42                                     0.0000000000000000e+00
43                                     0.0000000000000000e+00
44                                     0.0000000000000000e+00
45                                     0.0000000000000000e+00
46                                     0.0000000000000000e+00
47                                     0.0000000000000000e+00
48                                     0.0000000000000000e+00
49                                     0.0000000000000000e+00
50                                     0.0000000000000000e+00
51                                     0.0000000000000000e+00
52                                     0.0000000000000000e+00
53                                     0.0000000000000000e+00
54                                     0.0000000000000000e+00
55                                     0.0000000000000000e+00
56                                     0.0000000000000000e+00
57                                     0.0000000000000000e+00
58                                     0.0000000000000000e+00
   &Method [&Type "String"] "SCF"
   &Level [&Type "String"] "Relaxed density"
   &Mult [&Type "Integer"] 1
   &State [&Type "Integer"] -1
   &Irrep [&Type "Integer"] 0
$End
$SCF_Energy
   &GeometryIndex 1
   &Method [&Type "String"] "SCF"
   &totalEnergy [&Type "ArrayOfDoubles", &Dim (1,1)] "Total energy of each state"
                                                         0

0                                     -1.5421092277468997e+03
   &Mult [&Type "ArrayOfIntegers", &Dim (1,1)] "Multiplicity of each state"
                                                         0

0                                                        1
$End
$DFT_Energy
   &GeometryIndex 1
   &nAlphaEl [&Type "Integer"] 121
   &nBetaEl [&Type "Integer"] 121
   &nTotalEl [&Type "Integer"] 242
   &finalEn [&Type "Double"]      -1.5421092277468997e+03  "No Van der Waals correction"
   &eExchange [&Type "Double"]      -2.0553998218624281e+02
   &eCorr [&Type "Double"]      -7.9813056256651347e+00
   &eXC [&Type "Double"]      -2.1352128781190794e+02
   &eCNL [&Type "Double"]       0.0000000000000000e+00
$End
$SCF_Timings
   &GeometryIndex 1
   &TOTAL [&Type "Double"]       1.7317900000000000e+02
   &PREP [&Type "Double"]       3.9400000000000002e-01
   &FOCK [&Type "Double"]       1.5854700000000003e+02
   &DENS [&Type "Double"]       8.2300000000000750e-01
   &ETOT [&Type "Double"]       3.3199999999998298e-01
   &POP [&Type "Double"]       3.5899999999998045e-01
   &TRAFO [&Type "Double"]       6.5399999999999281e-01
   &DIIS [&Type "Double"]       2.6619999999999990e+00
   &SOSCF [&Type "Double"]       3.2889999999999873e+00
   &XC [&Type "Double"]       1.1655300000000000e+02
   &FOCKSTART [&Type "Double"]       1.5100000000002167e-01
   &INT_BF [&Type "Double"]       1.9409999999998643e+01
   &INT_DENS [&Type "Double"]       4.2731000000000691e+01
   &INT_DENSIO [&Type "Double"]       1.9305333899999994e+06
   &INT_FUNC [&Type "Double"]       4.0099999999999349e+00
   &INT_POT [&Type "Double"]       4.4416000000000402e+01
   &INT_POTIO [&Type "Double"]       6.4500000000021984e-01
   &INT_SUM [&Type "Double"]       9.9999999999056399e-04
   &SPLITRIJ [&Type "Double"]       4.7415000000000035e+01
$End
$VdW_Correction
   &GeometryIndex 1
   &vdW [&Type "Double"]      -2.9149464588797146e-02
$End
$gCP_Energy
   &GeometryIndex 1
   &gCP_Energy [&Type "Double"]       3.7726575200000001e-02
$End
$Single_Point_Data
   &GeometryIndex 1
   &FinalEnergy [&Type "Double"]      -1.5421006506362885e+03  "Final single point energy"
   &Converged [&Type "Boolean"] true
$End
$Calculation_Info
   &GeometryIndex 1
   &Mult [&Type "Integer"] 1
   &Charge [&Type "Integer"] 0
   &NumOfAtoms [&Type "Integer"] 59
   &NumOfElectrons [&Type "Integer"] 242
   &NumOfBasisFuncts [&Type "Integer"] 816
   &NumOfAuxCBasisFuncts [&Type "Integer"] 0
   &NumOfAuxJBasisFuncts [&Type "Integer"] 1295
   &NumOfAuxJKBasisFuncts [&Type "Integer"] 0
   &NumOfCABSBasisFuncts [&Type "Integer"] 0
$End
$SCF_Dipole_Moment
   &GeometryIndex 1
   &dipoleMagnitude [&Type "Double", &Units "a.u."]       2.7398367149192109e+00
   &dipoleElecContrib [&Type "ArrayOfDoubles", &Dim (3,1)] "Electronic contribution"
                                                         0

0                                      2.1784693410961900e+01
1                                     -1.8450181408446849e+01
2                                      2.2380003862665490e+00
   &dipoleNucContrib [&Type "ArrayOfDoubles", &Dim (3,1)] "Nuclear contribution"
                                                         0

0                                     -2.1052675009040371e+01
1                                      2.0846244993194219e+01
2                                     -3.3469339196738157e+00
   &dipoleTotal [&Type "ArrayOfDoubles", &Dim (3,1)] "Total"
                                                         0

0                                      7.3201840192152900e-01
1                                      2.3960635847473704e+00
2                                     -1.1089335334072667e+00
   &doAtomicDipole [&Type "Boolean"] false
   &Method [&Type "String"] "SCF"
   &Level [&Type "String"] "Relaxed density"
   &Mult [&Type "Integer"] 1
   &State [&Type "Integer"] -1
   &Irrep [&Type "Integer"] 0
$End
$Calculation_Timings
   &GeometryIndex 1
   &GTOINT [&Type "Double"]       3.5860000000000003e+00
   &SCF [&Type "Double"]       1.8033199999999999e+02
   &PROP [&Type "Double"]       5.8400000000000318e-01
   &SUM [&Type "Double"]       1.8450200000000001e+02
$End
