*************************************************
******************* ORCA 6.1.1 ******************
*************************************************
$Calculation_Status
   &GeometryIndex 1
   &version [&Type "String"] "6.1.1"
   &progName [&Type "String"] "LeanSCF"
   &Status [&Type "String"] "NORMAL TERMINATION"
$End
$Geometry
   &GeometryIndex 1
   &NAtoms [&Type "Integer"] 59
   &NCorelessECP [&Type "Integer"] 0
   &NGhostAtoms [&Type "Integer"] 0
   &CartesianCoordinates [&Type "Coordinates", &Dim(59,4), &Units "Bohr"] 
              C     45.015250190812  -33.232548140906   -0.089272000304
              C     45.766688194118  -35.013369148537    2.046228008721
              C     48.213101204533  -36.462033154613    1.681829007071
              N     49.931302211755  -35.537125150785   -0.033672000080
              C     49.330398209253  -33.522266142164   -1.884785008039
              C     47.323794200719  -31.727421134475   -0.904998003861
              C     52.306968221896  -36.771097155924   -0.338107001386
              C     53.875677228406  -37.187639157625    1.747236007330
              C     56.207948238273  -38.337616162597    1.443476006183
              C     57.034011241825  -39.065854165587   -0.959311004022
              C     55.483737235249  -38.629275163739   -3.044514012944
              C     53.128613225272  -37.500609158983   -2.732239011663
              N     59.407394251904  -40.294320170932   -1.256745005395
              C     59.580356252656  -42.361086179645   -3.145776013385
              C     61.462927260581  -44.396399188230   -2.359137010096
              C     63.866903270785  -43.137169182953   -1.624639006963
              C     63.840027270691  -40.694982172572   -0.692913002958
              C     61.560655261123  -39.153110165988   -0.313219001310
              O     48.648662206376  -38.351302162648    2.970134012667
              O     61.563057261021  -37.099056157328    0.771790003224
              C     66.429867281758  -43.827824185791   -1.632353006992
              N     67.879159287859  -41.923262177843   -0.770966003261
              N     66.296102281131  -40.042029169721   -0.189823000735
              C     67.312958285433  -37.741098160028    0.795670003348
              C     67.541916286458  -46.268422196142   -2.439345010430
              N     70.093788297231  -46.363488196549   -2.467819010375
              O     66.172366280651  -48.055663203815   -3.042967012833
              C     66.678114282837  -36.947927156597    3.225577013763
              C     67.738657287330  -34.760310147318    4.182071017778
              C     69.451199294594  -33.357084141449    2.723432011613
              C     70.098260297277  -34.174559144935    0.294829001236
              C     69.016125292749  -36.376351154162   -0.657646002779
              O     70.381129298535  -31.244702132422    3.835520016292
              C     72.166703306031  -29.765430126141    2.430176010285
              H     44.297207187939  -34.321813145632   -1.703524007196
              H     43.485800184452  -31.985890135700    0.538602002372
              H     46.031261195192  -33.932053143945    3.801485016073
              H     44.300625187942  -36.417934154440    2.441186010354
              H     51.092973216587  -32.513217137927   -2.283961009740
              H     48.679129206366  -34.381854145890   -3.661147015617
              H     48.067319203740  -30.638092130016    0.697795002899
              H     46.861228198705  -30.387444128893   -2.414676010150
              H     53.256857225837  -36.617506155357    3.615798015275
              H     57.399364243367  -38.676648163949    3.076711012990
              H     56.097473237870  -39.164117166117   -4.927728020973
              H     51.939148220303  -37.195789157724   -4.375768018503
              H     57.694107244679  -43.176913183016   -3.338366014242
              H     60.139109254982  -41.571134176339   -4.984662021204
              H     60.721657257550  -45.500601193031   -0.764299003162
              H     61.745066261766  -45.705908193779   -3.930713016689
              H     71.143605301604  -44.877481190265   -1.898113007979
              H     70.966811300970  -47.995423203490   -2.925224012336
              H     65.366497277203  -38.045079161245    4.356119018439
              H     67.273381285193  -34.114138144751    6.073489025774
              H     71.418280302946  -33.128912140451   -0.870364003733
              H     69.495966294624  -37.020986157049   -2.546592010886
              H     71.322779302511  -29.030636123109    0.685447002839
              H     72.678325308176  -28.190124119524    3.658973015524
              H     73.863831313273  -30.867703130819    1.981669008325
$End
$SCF_Mulliken_Population_Analysis
   &GeometryIndex 1
   &NAtoms [&Type "Integer"] 59
   &ATNO [&Type "ArrayOfIntegers", &Dim (59,1)] 
                                                         0

0                                                        6
1                                                        6
2                                                        6
3                                                        7
4                                                        6
5                                                        6
6                                                        6
7                                                        6
8                                                        6
9                                                        6
10                                                       6
11                                                       6
12                                                       7
13                                                       6
14                                                       6
15                                                       6
16                                                       6
17                                                       6
18                                                       8
19                                                       8
20                                                       6
21                                                       7
22                                                       7
23                                                       6
24                                                       6
25                                                       7
26                                                       8
27                                                       6
28                                                       6
29                                                       6
30                                                       6
31                                                       6
32                                                       8
33                                                       6
34                                                       1
35                                                       1
36                                                       1
37                                                       1
38                                                       1
39                                                       1
40                                                       1
41                                                       1
42                                                       1
43                                                       1
44                                                       1
45                                                       1
46                                                       1
47                                                       1
48                                                       1
49                                                       1
50                                                       1
51                                                       1
52                                                       1
53                                                       1
54                                                       1
55                                                       1
56                                                       1
57                                                       1
58                                                       1
   &AtomicCharges [&Type "ArrayOfDoubles", &Dim (59,1)] 
                                                         0

0                                     -2.5254170634690354e-01
1                                     -3.5243052932573526e-01
2                                      2.4050495275872219e-01
3                                      2.4242954746458079e-01
4                                     -2.8026430356946186e-01
5                                     -3.1376508684609927e-01
6                                      6.6511828337660006e-02
7                                     -2.5986702394565775e-01
8                                     -2.5617193587940879e-01
9                                      5.8759378238727678e-02
10                                    -2.5911528955558083e-01
11                                    -2.6462341161486957e-01
12                                     3.0285917020073150e-01
13                                    -2.9171236839072989e-01
14                                    -4.6503680155420568e-01
15                                     1.9711862283369186e-03
16                                    -3.2184109899981550e-02
17                                    -3.7461235432273199e-02
18                                    -4.2905945389129130e-01
19                                    -4.1091818841628402e-01
20                                     3.0957864273003466e-01
21                                    -4.8269977877092174e-01
22                                     8.6218026913106360e-01
23                                    -3.0262224131117677e-02
24                                     2.8549401778279915e-02
25                                    -3.6983128845523261e-01
26                                    -4.1090735706771575e-01
27                                    -1.7208511418200167e-01
28                                    -3.1969732759345160e-01
29                                     3.5035017463569407e-01
30                                    -2.4168645974793801e-01
31                                    -2.7029016818090046e-01
32                                    -1.8074869351048406e-01
33                                    -3.3765775399494480e-01
34                                     1.5285490746324071e-01
35                                     1.5534791179915308e-01
36                                     1.7473063577595671e-01
37                                     1.8099557886366213e-01
38                                     1.6896038376401967e-01
39                                     1.5115416311509833e-01
40                                     1.6281652094114407e-01
41                                     1.5628888484143078e-01
42                                     1.6319258303473405e-01
43                                     1.5999798651282493e-01
44                                     1.4361239896251887e-01
45                                     1.4070595627168148e-01
46                                     1.6747925054561352e-01
47                                     1.7132033689075543e-01
48                                     1.8548332344967733e-01
49                                     1.9678358459026712e-01
50                                     2.7321415520425663e-01
51                                     2.4878581319210180e-01
52                                     1.6169356082961439e-01
53                                     1.6031256229785384e-01
54                                     1.5084438168227543e-01
55                                     1.5812104621298972e-01
56                                     1.5801124000921196e-01
57                                     1.5811018191786663e-01
58                                     1.5650571063121865e-01
   &Method [&Type "String"] "SCF"
   &Level [&Type "String"] "Relaxed density"
   &Mult [&Type "Integer"] 1
   &State [&Type "Integer"] -1
   &Irrep [&Type "Integer"] 0
$End
$SCF_Loewdin_Population_Analysis
   &GeometryIndex 1
   &NAtoms [&Type "Integer"] 59
   &ATNO [&Type "ArrayOfIntegers", &Dim (59,1)] 
                                                         0

0                                                        6
1                                                        6
2                                                        6
3                                                        7
4                                                        6
5                                                        6
6                                                        6
7                                                        6
8                                                        6
9                                                        6
10                                                       6
11                                                       6
12                                                       7
13                                                       6
14                                                       6
15                                                       6
16                                                       6
17                                                       6
18                                                       8
19                                                       8
20                                                       6
21                                                       7
22                                                       7
23                                                       6
24                                                       6
25                                                       7
26                                                       8
27                                                       6
28                                                       6
29                                                       6
30                                                       6
31                                                       6
32                                                       8
33                                                       6
34                                                       1
35                                                       1
36                                                       1
37                                                       1
38                                                       1
39                                                       1
40                                                       1
41                                                       1
42                                                       1
43                                                       1
44                                                       1
45                                                       1
46                                                       1
47                                                       1
48                                                       1
49                                                       1
50                                                       1
51                                                       1
52                                                       1
53                                                       1
54                                                       1
55                                                       1
56                                                       1
57                                                       1
58                                                       1
   &AtomicCharges [&Type "ArrayOfDoubles", &Dim (59,1)] 
                                                         0

0                                     -2.9156013026763450e-01
1                                     -2.3291312607468662e-01
2                                      3.5805314782066588e-01
3                                     -7.5360130060928121e-01
4                                     -1.4862473732823567e-02
5                                     -2.7027727387253986e-01
6                                      1.4680016635213899e-01
7                                     -8.7473403969336339e-02
8                                     -9.0981454628171754e-02
9                                      1.4881135015576952e-01
10                                    -1.3023717259612955e-01
11                                    -1.2601228895418437e-01
12                                    -7.4333716719367615e-01
13                                    -4.9443249888341256e-03
14                                    -2.2397636420193034e-01
15                                     2.6214519511085221e-02
16                                     2.5239844320589544e-01
17                                     3.9847541893692640e-01
18                                    -4.6492167969535281e-01
19                                    -4.3621948381327336e-01
20                                     2.1704743355070732e-01
21                                    -3.2872028168089518e-01
22                                    -5.7075473992884618e-01
23                                     1.6255119971933585e-01
24                                     3.4774534638988541e-01
25                                    -4.7223803874098458e-01
26                                    -4.6652138487330319e-01
27                                    -7.5736539895252974e-02
28                                    -1.2100895634986220e-01
29                                     1.9801209163985334e-01
30                                    -1.7051518377665964e-01
31                                    -9.0591826081340088e-02
32                                    -6.7051686033666158e-01
33                                    -5.6721063295519514e-02
34                                     1.5996434672286086e-01
35                                     1.6001765879365659e-01
36                                     1.8347837021996682e-01
37                                     1.8435897473185681e-01
38                                     1.9094734714743167e-01
39                                     1.7079556610161295e-01
40                                     1.6431533029595302e-01
41                                     1.6429743733264868e-01
42                                     1.8917582395501364e-01
43                                     1.8793042588512554e-01
44                                     1.7739111015816378e-01
45                                     1.7609824404935437e-01
46                                     1.9552302530447907e-01
47                                     1.7684670701454785e-01
48                                     1.8091478492560231e-01
49                                     1.8945645560487878e-01
50                                     2.7274443442879459e-01
51                                     2.6444850774652795e-01
52                                     1.8813755991634484e-01
53                                     1.8583078582484913e-01
54                                     1.7844344698853265e-01
55                                     1.8379717911800242e-01
56                                     1.6675506207758251e-01
57                                     1.8038883687644303e-01
58                                     1.6647598105450823e-01
   &Method [&Type "String"] "SCF"
   &Level [&Type "String"] "Relaxed density"
   &Mult [&Type "Integer"] 1
   &State [&Type "Integer"] -1
   &Irrep [&Type "Integer"] 0
$End
$SCF_Mayer_Population_Analysis
   &GeometryIndex 1
   &NAtoms [&Type "Integer"] 59 "Total number of atoms"
   &NBondOrdersPrint [&Type "Integer"] 68 "The number of bond orders larger than threshold"
   &bondThresh [&Type "Double"]       1.0000000000000001e-01  "The threshold for printing"
   &components [&Type "ArrayOfIntegers", &Dim (68,4)] "The indices and atomic numbers of the bonding atoms"
                                                         0                           1                           2                           3

0                                                        0                           6                           1                           6
1                                                        0                           6                           5                           6
2                                                        0                           6                          34                           1
3                                                        0                           6                          35                           1
4                                                        1                           6                           2                           6
5                                                        1                           6                          36                           1
6                                                        1                           6                          37                           1
7                                                        2                           6                           3                           7
8                                                        2                           6                          18                           8
9                                                        3                           7                           4                           6
10                                                       3                           7                           6                           6
11                                                       4                           6                           5                           6
12                                                       4                           6                          38                           1
13                                                       4                           6                          39                           1
14                                                       5                           6                          40                           1
15                                                       5                           6                          41                           1
16                                                       6                           6                           7                           6
17                                                       6                           6                           9                           6
18                                                       6                           6                          11                           6
19                                                       7                           6                           8                           6
20                                                       7                           6                          42                           1
21                                                       8                           6                           9                           6
22                                                       8                           6                          43                           1
23                                                       9                           6                          10                           6
24                                                       9                           6                          12                           7
25                                                      10                           6                          11                           6
26                                                      10                           6                          44                           1
27                                                      11                           6                          45                           1
28                                                      12                           7                          13                           6
29                                                      12                           7                          17                           6
30                                                      13                           6                          14                           6
31                                                      13                           6                          46                           1
32                                                      13                           6                          47                           1
33                                                      14                           6                          15                           6
34                                                      14                           6                          48                           1
35                                                      14                           6                          49                           1
36                                                      15                           6                          16                           6
37                                                      15                           6                          20                           6
38                                                      15                           6                          21                           7
39                                                      16                           6                          17                           6
40                                                      16                           6                          21                           7
41                                                      16                           6                          22                           7
42                                                      17                           6                          19                           8
43                                                      20                           6                          21                           7
44                                                      20                           6                          24                           6
45                                                      21                           7                          22                           7
46                                                      21                           7                          23                           6
47                                                      22                           7                          23                           6
48                                                      23                           6                          27                           6
49                                                      23                           6                          29                           6
50                                                      23                           6                          31                           6
51                                                      24                           6                          25                           7
52                                                      24                           6                          26                           8
53                                                      25                           7                          50                           1
54                                                      25                           7                          51                           1
55                                                      27                           6                          28                           6
56                                                      27                           6                          52                           1
57                                                      28                           6                          29                           6
58                                                      28                           6                          53                           1
59                                                      29                           6                          30                           6
60                                                      29                           6                          32                           8
61                                                      30                           6                          31                           6
62                                                      30                           6                          54                           1
63                                                      31                           6                          55                           1
64                                                      32                           8                          33                           6
65                                                      33                           6                          56                           1
66                                                      33                           6                          57                           1
67                                                      33                           6                          58                           1
   &BondOrders [&Type "ArrayOfDoubles", &Dim (68,1)] "The bond orders"
                                                         0

0                                      8.9112353449881199e-01
1                                      8.8482251910083698e-01
2                                      9.7970620001359476e-01
3                                      9.5957055395553592e-01
4                                      9.1986018029216976e-01
5                                      9.4909545834069353e-01
6                                      9.5632928153184804e-01
7                                      1.1545290738193068e+00
8                                      1.8191748898999227e+00
9                                      8.7903218772402880e-01
10                                     9.5097541885994930e-01
11                                     9.4556010197766893e-01
12                                     9.3777888213470995e-01
13                                     9.4102915297980616e-01
14                                     9.9086414337052664e-01
15                                     9.5545453657320278e-01
16                                     1.4173263659480149e+00
17                                     1.3758748279743838e-01
18                                     1.3576191030457561e+00
19                                     1.3769079213542332e+00
20                                     9.2504943176853471e-01
21                                     1.4264647461426569e+00
22                                     9.2659259360277313e-01
23                                     1.3637303453335070e+00
24                                     9.8029305088863772e-01
25                                     1.2710913515687587e+00
26                                     9.4924941650477224e-01
27                                     9.3855467756260447e-01
28                                     8.0030395597184412e-01
29                                     1.1511931888874902e+00
30                                     9.2627511188707023e-01
31                                     9.4365668532046187e-01
32                                     9.4253377637845259e-01
33                                     8.3871334625067151e-01
34                                     9.8421273065773185e-01
35                                     9.9477474138198752e-01
36                                     1.1845497224278971e+00
37                                     1.1817359501111468e+00
38                                    -2.0695639744251454e-01
39                                     9.5144318987663201e-01
40                                     3.1462217258875635e-01
41                                     1.2518386691928169e+00
42                                     1.8917593347277859e+00
43                                     1.4870797290420896e+00
44                                     9.6788963431123065e-01
45                                     1.1985947646188491e+00
46                                     1.2406752588037150e-01
47                                     9.2536029527335240e-01
48                                     1.4162310474863793e+00
49                                     1.0103798814549689e-01
50                                     1.4297364923055236e+00
51                                     1.0831828747982239e+00
52                                     1.9555711443465564e+00
53                                     8.9925244934045900e-01
54                                     9.1898400618086096e-01
55                                     1.3720120320381819e+00
56                                     9.0846267944593562e-01
57                                     1.3991250410180451e+00
58                                     9.4199935324687323e-01
59                                     1.3575544892498455e+00
60                                     1.0760474484351328e+00
61                                     1.3215870131404461e+00
62                                     9.1629146981949383e-01
63                                     9.4548634633751927e-01
64                                     8.5197130012048350e-01
65                                     9.6148624277982353e-01
66                                     9.6686519475640498e-01
67                                     9.6043075969997393e-01
   &ATNO [&Type "ArrayOfIntegers", &Dim (59,1)] "Atomic number of the elements"
                                                         0

0                                                        6
1                                                        6
2                                                        6
3                                                        7
4                                                        6
5                                                        6
6                                                        6
7                                                        6
8                                                        6
9                                                        6
10                                                       6
11                                                       6
12                                                       7
13                                                       6
14                                                       6
15                                                       6
16                                                       6
17                                                       6
18                                                       8
19                                                       8
20                                                       6
21                                                       7
22                                                       7
23                                                       6
24                                                       6
25                                                       7
26                                                       8
27                                                       6
28                                                       6
29                                                       6
30                                                       6
31                                                       6
32                                                       8
33                                                       6
34                                                       1
35                                                       1
36                                                       1
37                                                       1
38                                                       1
39                                                       1
40                                                       1
41                                                       1
42                                                       1
43                                                       1
44                                                       1
45                                                       1
46                                                       1
47                                                       1
48                                                       1
49                                                       1
50                                                       1
51                                                       1
52                                                       1
53                                                       1
54                                                       1
55                                                       1
56                                                       1
57                                                       1
58                                                       1
   &NA [&Type "ArrayOfDoubles", &Dim (59,1)] "Mulliken gross atomic population"
                                                         0

0                                      6.2525417063469035e+00
1                                      6.3524305293257370e+00
2                                      5.7594950472412814e+00
3                                      6.7575704525354201e+00
4                                      6.2802643035694583e+00
5                                      6.3137650868460939e+00
6                                      5.9334881716623435e+00
7                                      6.2598670239456542e+00
8                                      6.2561719358794114e+00
9                                      5.9412406217612812e+00
10                                     6.2591152895555719e+00
11                                     6.2646234116148722e+00
12                                     6.6971408297992747e+00
13                                     6.2917123683907343e+00
14                                     6.4650368015541995e+00
15                                     5.9980288137716604e+00
16                                     6.0321841098999851e+00
17                                     6.0374612354322679e+00
18                                     8.4290594538912949e+00
19                                     8.4109181884163036e+00
20                                     5.6904213572699609e+00
21                                     7.4826997787709288e+00
22                                     6.1378197308689408e+00
23                                     6.0302622241311212e+00
24                                     5.9714505982217272e+00
25                                     7.3698312884552299e+00
26                                     8.4109073570677246e+00
27                                     6.1720851141820017e+00
28                                     6.3196973275934480e+00
29                                     5.6496498253643068e+00
30                                     6.2416864597479389e+00
31                                     6.2702901681809067e+00
32                                     8.1807486935104823e+00
33                                     6.3376577539949510e+00
34                                     8.4714509253675918e-01
35                                     8.4465208820084703e-01
36                                     8.2526936422404307e-01
37                                     8.1900442113633753e-01
38                                     8.3103961623598033e-01
39                                     8.4884583688490123e-01
40                                     8.3718347905885560e-01
41                                     8.4371111515856945e-01
42                                     8.3680741696526595e-01
43                                     8.4000201348717540e-01
44                                     8.5638760103748113e-01
45                                     8.5929404372831841e-01
46                                     8.3252074945438637e-01
47                                     8.2867966310924479e-01
48                                     8.1451667655032267e-01
49                                     8.0321641540973265e-01
50                                     7.2678584479574304e-01
51                                     7.5121418680789831e-01
52                                     8.3830643917038572e-01
53                                     8.3968743770214627e-01
54                                     8.4915561831772479e-01
55                                     8.4187895378700994e-01
56                                     8.4198875999078826e-01
57                                     8.4188981808213381e-01
58                                     8.4349428936878157e-01
   &ZA [&Type "ArrayOfDoubles", &Dim (59,1)] "Total nuclear charge"
                                                         0

0                                      6.0000000000000000e+00
1                                      6.0000000000000000e+00
2                                      6.0000000000000000e+00
3                                      7.0000000000000000e+00
4                                      6.0000000000000000e+00
5                                      6.0000000000000000e+00
6                                      6.0000000000000000e+00
7                                      6.0000000000000000e+00
8                                      6.0000000000000000e+00
9                                      6.0000000000000000e+00
10                                     6.0000000000000000e+00
11                                     6.0000000000000000e+00
12                                     7.0000000000000000e+00
13                                     6.0000000000000000e+00
14                                     6.0000000000000000e+00
15                                     6.0000000000000000e+00
16                                     6.0000000000000000e+00
17                                     6.0000000000000000e+00
18                                     8.0000000000000000e+00
19                                     8.0000000000000000e+00
20                                     6.0000000000000000e+00
21                                     7.0000000000000000e+00
22                                     7.0000000000000000e+00
23                                     6.0000000000000000e+00
24                                     6.0000000000000000e+00
25                                     7.0000000000000000e+00
26                                     8.0000000000000000e+00
27                                     6.0000000000000000e+00
28                                     6.0000000000000000e+00
29                                     6.0000000000000000e+00
30                                     6.0000000000000000e+00
31                                     6.0000000000000000e+00
32                                     8.0000000000000000e+00
33                                     6.0000000000000000e+00
34                                     1.0000000000000000e+00
35                                     1.0000000000000000e+00
36                                     1.0000000000000000e+00
37                                     1.0000000000000000e+00
38                                     1.0000000000000000e+00
39                                     1.0000000000000000e+00
40                                     1.0000000000000000e+00
41                                     1.0000000000000000e+00
42                                     1.0000000000000000e+00
43                                     1.0000000000000000e+00
44                                     1.0000000000000000e+00
45                                     1.0000000000000000e+00
46                                     1.0000000000000000e+00
47                                     1.0000000000000000e+00
48                                     1.0000000000000000e+00
49                                     1.0000000000000000e+00
50                                     1.0000000000000000e+00
51                                     1.0000000000000000e+00
52                                     1.0000000000000000e+00
53                                     1.0000000000000000e+00
54                                     1.0000000000000000e+00
55                                     1.0000000000000000e+00
56                                     1.0000000000000000e+00
57                                     1.0000000000000000e+00
58                                     1.0000000000000000e+00
   &QA [&Type "ArrayOfDoubles", &Dim (59,1)] "Mulliken gross atomic charge"
                                                         0

0                                     -2.5254170634690354e-01
1                                     -3.5243052932573704e-01
2                                      2.4050495275871864e-01
3                                      2.4242954746457990e-01
4                                     -2.8026430356945831e-01
5                                     -3.1376508684609394e-01
6                                      6.6511828337656453e-02
7                                     -2.5986702394565420e-01
8                                     -2.5617193587941145e-01
9                                      5.8759378238718796e-02
10                                    -2.5911528955557195e-01
11                                    -2.6462341161487224e-01
12                                     3.0285917020072528e-01
13                                    -2.9171236839073433e-01
14                                    -4.6503680155419946e-01
15                                     1.9711862283395831e-03
16                                    -3.2184109899985103e-02
17                                    -3.7461235432267870e-02
18                                    -4.2905945389129485e-01
19                                    -4.1091818841630356e-01
20                                     3.0957864273003910e-01
21                                    -4.8269977877092884e-01
22                                     8.6218026913105916e-01
23                                    -3.0262224131121229e-02
24                                     2.8549401778272809e-02
25                                    -3.6983128845522995e-01
26                                    -4.1090735706772463e-01
27                                    -1.7208511418200167e-01
28                                    -3.1969732759344804e-01
29                                     3.5035017463569318e-01
30                                    -2.4168645974793890e-01
31                                    -2.7029016818090668e-01
32                                    -1.8074869351048228e-01
33                                    -3.3765775399495102e-01
34                                     1.5285490746324082e-01
35                                     1.5534791179915297e-01
36                                     1.7473063577595693e-01
37                                     1.8099557886366247e-01
38                                     1.6896038376401967e-01
39                                     1.5115416311509877e-01
40                                     1.6281652094114440e-01
41                                     1.5628888484143055e-01
42                                     1.6319258303473405e-01
43                                     1.5999798651282460e-01
44                                     1.4361239896251887e-01
45                                     1.4070595627168159e-01
46                                     1.6747925054561363e-01
47                                     1.7132033689075521e-01
48                                     1.8548332344967733e-01
49                                     1.9678358459026735e-01
50                                     2.7321415520425696e-01
51                                     2.4878581319210169e-01
52                                     1.6169356082961428e-01
53                                     1.6031256229785373e-01
54                                     1.5084438168227521e-01
55                                     1.5812104621299006e-01
56                                     1.5801124000921174e-01
57                                     1.5811018191786619e-01
58                                     1.5650571063121843e-01
   &VA [&Type "ArrayOfDoubles", &Dim (59,1)] "Mayer's total valence"
                                                         0

0                                      3.5975167860640740e+00
1                                      3.7122641589780998e+00
2                                      3.9170477871282605e+00
3                                      3.1424858144576939e+00
4                                      3.7583745252387435e+00
5                                      3.7309754684374230e+00
6                                      3.8463965595261458e+00
7                                      3.8371431011136150e+00
8                                      3.8197282432247777e+00
9                                      3.8718252939093505e+00
10                                     3.6452138571153263e+00
11                                     3.6278914625029226e+00
12                                     3.0901907380492020e+00
13                                     3.7109637197744951e+00
14                                     3.7288695903353490e+00
15                                     3.0538591873819541e+00
16                                     3.7056104083257937e+00
17                                     3.9340065770470125e+00
18                                     2.0000905000582749e+00
19                                     2.0465959968609564e+00
20                                     3.5999440769757549e+00
21                                     3.1684041803667551e+00
22                                     3.4555699077981736e+00
23                                     3.9987476822390828e+00
24                                     4.1528272885323423e+00
25                                     2.9855764148905344e+00
26                                     2.0230563747633976e+00
27                                     3.7789347292650173e+00
28                                     3.8182106593962661e+00
29                                     3.8555569230423488e+00
30                                     3.6836045312632413e+00
31                                     3.7555334915652754e+00
32                                     2.0098841648659471e+00
33                                     3.7599798265249489e+00
34                                     9.6357256787161405e-01
35                                     9.5996442970513374e-01
36                                     9.5606254884234609e-01
37                                     9.5516020688476966e-01
38                                     9.4773400457881740e-01
39                                     9.5013225088311282e-01
40                                     9.6207968778871500e-01
41                                     9.5934790788463542e-01
42                                     9.6547835589692810e-01
43                                     9.6535892208523766e-01
44                                     9.7271940129862200e-01
45                                     9.7428821319974801e-01
46                                     9.5165385724350737e-01
47                                     9.3717355882735498e-01
48                                     9.4745809742454423e-01
49                                     9.4961688637282493e-01
50                                     9.2681984260445860e-01
51                                     9.4107371529003525e-01
52                                     9.6540834659650154e-01
53                                     9.6828010002093523e-01
54                                     9.6961968002149801e-01
55                                     9.6837394621576056e-01
56                                     9.5203604085182403e-01
57                                     9.5776378624901826e-01
58                                     9.5251595546403245e-01
   &BVA [&Type "ArrayOfDoubles", &Dim (59,1)] "Mayer's bonded valence"
                                                         0

0                                      3.5975167860640336e+00
1                                      3.7122641589780359e+00
2                                      3.9170477871282903e+00
3                                      3.1424858144577001e+00
4                                      3.7583745252387484e+00
5                                      3.7309754684374763e+00
6                                      3.8463965595260960e+00
7                                      3.8371431011135297e+00
8                                      3.8197282432246511e+00
9                                      3.8718252939093323e+00
10                                     3.6452138571154049e+00
11                                     3.6278914625030416e+00
12                                     3.0901907380491682e+00
13                                     3.7109637197744494e+00
14                                     3.7288695903353171e+00
15                                     3.0538591873819514e+00
16                                     3.7056104083258878e+00
17                                     3.9340065770471040e+00
18                                     2.0000905000583309e+00
19                                     2.0465959968609964e+00
20                                     3.5999440769758082e+00
21                                     3.1684041803667489e+00
22                                     3.4555699077981972e+00
23                                     3.9987476822391934e+00
24                                     4.1528272885323467e+00
25                                     2.9855764148905362e+00
26                                     2.0230563747634260e+00
27                                     3.7789347292649258e+00
28                                     3.8182106593963701e+00
29                                     3.8555569230423705e+00
30                                     3.6836045312632306e+00
31                                     3.7555334915653056e+00
32                                     2.0098841648659542e+00
33                                     3.7599798265248987e+00
34                                     9.6357256787160506e-01
35                                     9.5996442970512386e-01
36                                     9.5606254884232611e-01
37                                     9.5516020688475689e-01
38                                     9.4773400457881796e-01
39                                     9.5013225088311648e-01
40                                     9.6207968778872033e-01
41                                     9.5934790788464308e-01
42                                     9.6547835589691744e-01
43                                     9.6535892208522689e-01
44                                     9.7271940129864565e-01
45                                     9.7428821319978409e-01
46                                     9.5165385724350504e-01
47                                     9.3717355882734943e-01
48                                     9.4745809742454823e-01
49                                     9.4961688637282071e-01
50                                     9.2681984260446182e-01
51                                     9.4107371529003714e-01
52                                     9.6540834659646579e-01
53                                     9.6828010002097231e-01
54                                     9.6961968002149701e-01
55                                     9.6837394621577289e-01
56                                     9.5203604085182258e-01
57                                     9.5776378624901692e-01
58                                     9.5251595546402468e-01
   &FA [&Type "ArrayOfDoubles", &Dim (59,1)] "Mayer's free valence"
                                                         0

0                                      0.0000000000000000e+00
1                                      0.0000000000000000e+00
2                                      0.0000000000000000e+00
3                                      0.0000000000000000e+00
4                                      0.0000000000000000e+00
5                                      0.0000000000000000e+00
6                                      0.0000000000000000e+00
7                                      0.0000000000000000e+00
8                                      0.0000000000000000e+00
9                                      0.0000000000000000e+00
10                                     0.0000000000000000e+00
11                                     0.0000000000000000e+00
12                                     0.0000000000000000e+00
13                                     0.0000000000000000e+00
14                                     0.0000000000000000e+00
15                                     0.0000000000000000e+00
16                                     0.0000000000000000e+00
17                                     0.0000000000000000e+00
18                                     0.0000000000000000e+00
19                                     0.0000000000000000e+00
20                                     0.0000000000000000e+00
21                                     0.0000000000000000e+00
22                                     0.0000000000000000e+00
23                                     0.0000000000000000e+00
24                                     0.0000000000000000e+00
25                                     0.0000000000000000e+00
26                                     0.0000000000000000e+00
27                                     0.0000000000000000e+00
28                                     0.0000000000000000e+00
29                                     0.0000000000000000e+00
30                                     0.0000000000000000e+00
31                                     0.0000000000000000e+00
32                                     0.0000000000000000e+00
33                                     0.0000000000000000e+00
34                                     0.0000000000000000e+00
35                                     0.0000000000000000e+00
36                                     0.0000000000000000e+00
37                                     0.0000000000000000e+00
38                                     0.0000000000000000e+00
39                                     0.0000000000000000e+00
40                                     0.0000000000000000e+00
41                                     0.0000000000000000e+00
42                                     0.0000000000000000e+00
43                                     0.0000000000000000e+00
44                                     0.0000000000000000e+00
45                                     0.0000000000000000e+00
46                                     0.0000000000000000e+00
47                                     0.0000000000000000e+00
48                                     0.0000000000000000e+00
49                                     0.0000000000000000e+00
50                                     0.0000000000000000e+00
51                                     0.0000000000000000e+00
52                                     0.0000000000000000e+00
53                                     0.0000000000000000e+00
54                                     0.0000000000000000e+00
55                                     0.0000000000000000e+00
56                                     0.0000000000000000e+00
57                                     0.0000000000000000e+00
58                                     0.0000000000000000e+00
   &Method [&Type "String"] "SCF"
   &Level [&Type "String"] "Relaxed density"
   &Mult [&Type "Integer"] 1
   &State [&Type "Integer"] -1
   &Irrep [&Type "Integer"] 0
$End
$SCF_Energy
   &GeometryIndex 1
   &Method [&Type "String"] "SCF"
   &totalEnergy [&Type "ArrayOfDoubles", &Dim (1,1)] "Total energy of each state"
                                                         0

0                                     -1.5421121054002001e+03
   &Mult [&Type "ArrayOfIntegers", &Dim (1,1)] "Multiplicity of each state"
                                                         0

0                                                        1
$End
$DFT_Energy
   &GeometryIndex 1
   &nAlphaEl [&Type "Integer"] 121
   &nBetaEl [&Type "Integer"] 121
   &nTotalEl [&Type "Integer"] 242
   &finalEn [&Type "Double"]      -1.5421121054002001e+03  "No Van der Waals correction"
   &eExchange [&Type "Double"]      -2.0554501793661731e+02
   &eCorr [&Type "Double"]      -7.9832833382632895e+00
   &eXC [&Type "Double"]      -2.1352830127488059e+02
   &eCNL [&Type "Double"]       0.0000000000000000e+00
$End
$SCF_Timings
   &GeometryIndex 1
   &TOTAL [&Type "Double"]       1.7137799999999999e+02
   &PREP [&Type "Double"]       3.8800000000000001e-01
   &FOCK [&Type "Double"]       1.5671500000000000e+02
   &DENS [&Type "Double"]       9.0100000000001046e-01
   &ETOT [&Type "Double"]       3.0900000000001526e-01
   &POP [&Type "Double"]       4.0399999999999636e-01
   &TRAFO [&Type "Double"]       6.9899999999998741e-01
   &DIIS [&Type "Double"]       3.1290000000000031e+00
   &SOSCF [&Type "Double"]       2.8879999999999342e+00
   &XC [&Type "Double"]       1.1425700000000005e+02
   &FOCKSTART [&Type "Double"]       1.3100000000000867e-01
   &INT_BF [&Type "Double"]       1.8297999999999732e+01
   &INT_DENS [&Type "Double"]       4.2018000000000939e+01
   &INT_DENSIO [&Type "Double"]       1.8386306059999997e+06
   &INT_FUNC [&Type "Double"]       4.0799999999998651e+00
   &INT_POT [&Type "Double"]       4.3609999999999445e+01
   &INT_POTIO [&Type "Double"]       5.4199999999983151e-01
   &INT_SUM [&Type "Double"]       2.0000000000095497e-03
   &SPLITRIJ [&Type "Double"]       4.7731000000000030e+01
$End
$VdW_Correction
   &GeometryIndex 1
   &vdW [&Type "Double"]      -2.9160330158552124e-02
$End
$gCP_Energy
   &GeometryIndex 1
   &gCP_Energy [&Type "Double"]       3.7883016100000000e-02
$End
$Single_Point_Data
   &GeometryIndex 1
   &FinalEnergy [&Type "Double"]      -1.5421033827142585e+03  "Final single point energy"
   &Converged [&Type "Boolean"] true
$End
$Calculation_Info
   &GeometryIndex 1
   &Mult [&Type "Integer"] 1
   &Charge [&Type "Integer"] 0
   &NumOfAtoms [&Type "Integer"] 59
   &NumOfElectrons [&Type "Integer"] 242
   &NumOfBasisFuncts [&Type "Integer"] 816
   &NumOfAuxCBasisFuncts [&Type "Integer"] 0
   &NumOfAuxJBasisFuncts [&Type "Integer"] 1295
   &NumOfAuxJKBasisFuncts [&Type "Integer"] 0
   &NumOfCABSBasisFuncts [&Type "Integer"] 0
$End
$SCF_Dipole_Moment
   &GeometryIndex 1
   &dipoleMagnitude [&Type "Double", &Units "a.u."]       2.5312920960839524e+00
   &dipoleElecContrib [&Type "ArrayOfDoubles", &Dim (3,1)] "Electronic contribution"
                                                         0

0                                      2.1661635000574112e+01
1                                     -1.7460721015969920e+01
2                                      2.6999556117303158e+00
   &dipoleNucContrib [&Type "ArrayOfDoubles", &Dim (3,1)] "Nuclear contribution"
                                                         0

0                                     -2.1154382928632813e+01
1                                      1.9590325935758933e+01
2                                     -3.9707498109690360e+00
   &dipoleTotal [&Type "ArrayOfDoubles", &Dim (3,1)] "Total"
                                                         0

0                                      5.0725207194129851e-01
1                                      2.1296049197890135e+00
2                                     -1.2707941992387202e+00
   &doAtomicDipole [&Type "Boolean"] false
   &Method [&Type "String"] "SCF"
   &Level [&Type "String"] "Relaxed density"
   &Mult [&Type "Integer"] 1
   &State [&Type "Integer"] -1
   &Irrep [&Type "Integer"] 0
$End
$Calculation_Timings
   &GeometryIndex 1
   &GTOINT [&Type "Double"]       3.6060000000000003e+00
   &SCF [&Type "Double"]       1.7840500000000000e+02
   &PROP [&Type "Double"]       6.1699999999999022e-01
   &SUM [&Type "Double"]       1.8262799999999999e+02
$End
